date,weekday,commute,commute_filled,missing,cases_avg_s,cases_avg_s_1wkbf,cases_avg_s_2wkbf,cases_avg_c,cases_avg_c_1wkbf,cases_avg_c_2wkbf,vax_status,covid_stage,early-vaccine,lockdown,omicron,post-covid,post-vaccine,pre-pandemic,pre-vaccine,is_weekend,is_holiday,is_holiday_extra,during,post-vax,pre-covid,pre-vax,shelter-in-place,commute_filled_diff_dist
2019-12-30,0,0.0,0.0,0,0.0,0.0,0.0,0.0,0.0,0.0,pre-covid,pre-pandemic,0,0,0,0,0,1,0,0,1,1,0,0,1,0,0,0.0
2019-12-31,1,0.0,0.0,0,0.0,0.0,0.0,0.0,0.0,0.0,pre-covid,pre-pandemic,0,0,0,0,0,1,0,0,1,1,0,0,1,0,0,0.0
2020-01-01,2,0.0,0.0,0,0.0,0.0,0.0,0.0,0.0,0.0,pre-covid,pre-pandemic,0,0,0,0,0,1,0,0,1,1,0,0,1,0,0,0.0
2020-01-02,3,0.0,0.0,0,0.0,0.0,0.0,0.0,0.0,0.0,pre-covid,pre-pandemic,0,0,0,0,0,1,0,0,0,1,0,0,1,0,0,0.0
2020-01-03,4,0.0,0.0,0,0.0,0.0,0.0,0.0,0.0,0.0,pre-covid,pre-pandemic,0,0,0,0,0,1,0,0,0,0,0,0,1,0,0,0.0
2020-01-04,5,0.0,0.0,0,0.0,0.0,0.0,0.0,0.0,0.0,pre-covid,pre-pandemic,0,0,0,0,0,1,0,1,0,0,0,0,1,0,0,0.0
2020-01-05,6,0.0,0.0,0,0.0,0.0,0.0,0.0,0.0,0.0,pre-covid,pre-pandemic,0,0,0,0,0,1,0,1,0,0,0,0,1,0,0,0.0
2020-01-06,0,0.0,0.0,0,0.0,0.0,0.0,0.0,0.0,0.0,pre-covid,pre-pandemic,0,0,0,0,0,1,0,0,0,0,0,0,1,0,0,0.0
2020-01-07,1,0.0,0.0,0,0.0,0.0,0.0,0.0,0.0,0.0,pre-covid,pre-pandemic,0,0,0,0,0,1,0,0,0,0,0,0,1,0,0,0.0
2020-01-08,2,0.0,0.0,0,0.0,0.0,0.0,0.0,0.0,0.0,pre-covid,pre-pandemic,0,0,0,0,0,1,0,0,0,0,0,0,1,0,0,0.0
2020-01-09,3,0.0,0.0,0,0.0,0.0,0.0,0.0,0.0,0.0,pre-covid,pre-pandemic,0,0,0,0,0,1,0,0,0,0,0,0,1,0,0,0.0
2020-01-10,4,0.0,0.0,0,0.0,0.0,0.0,0.0,0.0,0.0,pre-covid,pre-pandemic,0,0,0,0,0,1,0,0,0,0,0,0,1,0,0,0.0
2020-01-11,5,0.0,0.0,0,0.0,0.0,0.0,0.0,0.0,0.0,pre-covid,pre-pandemic,0,0,0,0,0,1,0,1,0,0,0,0,1,0,0,0.0
2020-01-12,6,0.0,0.0,0,0.0,0.0,0.0,0.0,0.0,0.0,pre-covid,pre-pandemic,0,0,0,0,0,1,0,1,0,0,0,0,1,0,0,0.0
2020-01-13,0,0.0,0.0,0,0.0,0.0,0.0,0.0,0.0,0.0,pre-covid,pre-pandemic,0,0,0,0,0,1,0,0,0,0,0,0,1,0,0,0.0
2020-01-14,1,0.0,0.0,0,0.0,0.0,0.0,0.0,0.0,0.0,pre-covid,pre-pandemic,0,0,0,0,0,1,0,0,0,0,0,0,1,0,0,0.0
2020-01-15,2,0.0,0.0,0,0.0,0.0,0.0,0.0,0.0,0.0,pre-covid,pre-pandemic,0,0,0,0,0,1,0,0,0,0,0,0,1,0,0,0.0
2020-01-16,3,0.0,0.0,0,0.0,0.0,0.0,0.0,0.0,0.0,pre-covid,pre-pandemic,0,0,0,0,0,1,0,0,0,0,0,0,1,0,0,0.0
2020-01-17,4,0.0,0.0,0,0.0,0.0,0.0,0.0,0.0,0.0,pre-covid,pre-pandemic,0,0,0,0,0,1,0,0,0,0,0,0,1,0,0,0.0
2020-01-18,5,0.0,0.0,0,0.0,0.0,0.0,0.0,0.0,0.0,pre-covid,pre-pandemic,0,0,0,0,0,1,0,1,0,0,0,0,1,0,0,0.0
2020-01-19,6,0.0,0.0,0,0.0,0.0,0.0,0.0,0.0,0.0,pre-covid,pre-pandemic,0,0,0,0,0,1,0,1,0,0,0,0,1,0,0,0.0
2020-01-20,0,0.0,0.0,0,0.0,0.0,0.0,0.0,0.0,0.0,pre-covid,pre-pandemic,0,0,0,0,0,1,0,0,1,1,0,0,1,0,0,0.0
2020-01-21,1,0.0,0.0,0,0.0,0.0,0.0,0.0,0.0,0.0,pre-covid,pre-pandemic,0,0,0,0,0,1,0,0,0,0,0,0,1,0,0,0.0
2020-01-22,2,0.0,0.0,0,0.0,0.0,0.0,0.0,0.0,0.0,pre-covid,pre-pandemic,0,0,0,0,0,1,0,0,0,0,0,0,1,0,0,0.0
2020-01-23,3,,0.0,1,0.0,0.0,0.0,0.0,0.0,0.0,pre-covid,pre-pandemic,0,0,0,0,0,1,0,0,0,0,0,0,1,0,0,0.0
2020-01-24,4,0.0,0.0,0,0.0,0.0,0.0,0.0,0.0,0.0,pre-covid,pre-pandemic,0,0,0,0,0,1,0,0,0,0,0,0,1,0,0,0.0
2020-01-25,5,0.0,0.0,0,0.0,0.0,0.0,0.0,0.0,0.0,pre-covid,pre-pandemic,0,0,0,0,0,1,0,1,0,0,0,0,1,0,0,0.0
2020-01-26,6,0.0,0.0,0,0.0,0.0,0.0,0.0,0.0,0.0,pre-covid,pre-pandemic,0,0,0,0,0,1,0,1,0,0,0,0,1,0,0,0.0
2020-01-27,0,0.0,0.0,0,0.0,0.0,0.0,0.0,0.0,0.0,pre-covid,pre-pandemic,0,0,0,0,0,1,0,0,0,0,0,0,1,0,0,0.0
2020-01-28,1,0.0,0.0,0,0.0,0.0,0.0,0.0,0.0,0.0,pre-covid,pre-pandemic,0,0,0,0,0,1,0,0,0,0,0,0,1,0,0,0.0
2020-01-29,2,0.0,0.0,0,0.0,0.0,0.0,0.0,0.0,0.0,pre-covid,pre-pandemic,0,0,0,0,0,1,0,0,0,0,0,0,1,0,0,0.0
2020-01-30,3,0.0,0.0,0,0.0,0.0,0.0,0.0,0.0,0.0,pre-covid,pre-pandemic,0,0,0,0,0,1,0,0,0,0,0,0,1,0,0,0.0
2020-01-31,4,1.0,1.0,0,0.0,0.0,0.0,0.0,0.0,0.0,pre-covid,pre-pandemic,0,0,0,0,0,1,0,0,0,0,0,0,1,0,0,1.0
2020-02-01,5,0.0,0.0,0,0.0,0.0,0.0,0.0,0.0,0.0,pre-covid,pre-pandemic,0,0,0,0,0,1,0,1,0,0,0,0,1,0,0,0.0
2020-02-02,6,0.0,0.0,0,0.0,0.0,0.0,0.0,0.0,0.0,pre-covid,pre-pandemic,0,0,0,0,0,1,0,1,0,0,0,0,1,0,0,0.0
2020-02-03,0,0.0,0.0,0,0.0,0.0,0.0,0.0,0.0,0.0,pre-covid,pre-pandemic,0,0,0,0,0,1,0,0,0,0,0,0,1,0,0,0.0
2020-02-04,1,0.0,0.0,0,0.0,0.0,0.0,0.0,0.0,0.0,pre-covid,pre-pandemic,0,0,0,0,0,1,0,0,0,0,0,0,1,0,0,0.0
2020-02-05,2,0.0,0.0,0,0.0,0.0,0.0,0.0,0.0,0.0,pre-covid,pre-pandemic,0,0,0,0,0,1,0,0,0,0,0,0,1,0,0,0.0
2020-02-06,3,0.0,0.0,0,0.0,0.0,0.0,0.0,0.0,0.0,pre-covid,pre-pandemic,0,0,0,0,0,1,0,0,0,0,0,0,1,0,0,0.0
2020-02-07,4,0.0,0.0,0,0.0,0.0,0.0,0.0,0.0,0.0,pre-covid,pre-pandemic,0,0,0,0,0,1,0,0,0,0,0,0,1,0,0,0.0
2020-02-08,5,0.0,0.0,0,0.0,0.0,0.0,0.0,0.0,0.0,pre-covid,pre-pandemic,0,0,0,0,0,1,0,1,0,0,0,0,1,0,0,0.0
2020-02-09,6,0.0,0.0,0,0.0,0.0,0.0,0.0,0.0,0.0,pre-covid,pre-pandemic,0,0,0,0,0,1,0,1,0,0,0,0,1,0,0,0.0
2020-02-10,0,0.0,0.0,0,0.0,0.0,0.0,0.0,0.0,0.0,pre-covid,pre-pandemic,0,0,0,0,0,1,0,0,0,0,0,0,1,0,0,0.0
2020-02-11,1,0.0,0.0,0,0.0,0.0,0.0,0.0,0.0,0.0,pre-covid,pre-pandemic,0,0,0,0,0,1,0,0,0,0,0,0,1,0,0,0.0
2020-02-12,2,0.0,0.0,0,0.0,0.0,0.0,0.0,0.0,0.0,pre-covid,pre-pandemic,0,0,0,0,0,1,0,0,0,0,0,0,1,0,0,0.0
2020-02-13,3,0.0,0.0,0,0.0,0.0,0.0,0.0,0.0,0.0,pre-covid,pre-pandemic,0,0,0,0,0,1,0,0,0,0,0,0,1,0,0,0.0
2020-02-14,4,0.0,0.0,0,0.0,0.0,0.0,0.0,0.0,0.0,pre-covid,pre-pandemic,0,0,0,0,0,1,0,0,0,0,0,0,1,0,0,0.0
2020-02-15,5,0.0,0.0,0,0.0,0.0,0.0,0.0,0.0,0.0,pre-covid,pre-pandemic,0,0,0,0,0,1,0,1,0,0,0,0,1,0,0,0.0
2020-02-16,6,0.0,0.0,0,0.0,0.0,0.0,0.0,0.0,0.0,pre-covid,pre-pandemic,0,0,0,0,0,1,0,1,0,0,0,0,1,0,0,0.0
2020-02-17,0,0.0,0.0,0,0.0,0.0,0.0,0.0,0.0,0.0,pre-covid,pre-pandemic,0,0,0,0,0,1,0,0,1,1,0,0,1,0,0,0.0
2020-02-18,1,0.0,0.0,0,0.0,0.0,0.0,0.0,0.0,0.0,pre-covid,pre-pandemic,0,0,0,0,0,1,0,0,0,0,0,0,1,0,0,0.0
2020-02-19,2,0.0,0.0,0,0.0,0.0,0.0,0.0,0.0,0.0,pre-covid,pre-pandemic,0,0,0,0,0,1,0,0,0,0,0,0,1,0,0,0.0
2020-02-20,3,0.0,0.0,0,0.0,0.0,0.0,0.0,0.0,0.0,pre-covid,pre-pandemic,0,0,0,0,0,1,0,0,0,0,0,0,1,0,0,0.0
2020-02-21,4,0.0,0.0,0,0.0,0.0,0.0,0.0,0.0,0.0,pre-covid,pre-pandemic,0,0,0,0,0,1,0,0,0,0,0,0,1,0,0,0.0
2020-02-22,5,0.0,0.0,0,0.0,0.0,0.0,0.0,0.0,0.0,pre-covid,pre-pandemic,0,0,0,0,0,1,0,1,0,0,0,0,1,0,0,0.0
2020-02-23,6,0.0,0.0,0,0.0,0.0,0.0,0.0,0.0,0.0,pre-covid,pre-pandemic,0,0,0,0,0,1,0,1,0,0,0,0,1,0,0,0.0
2020-02-24,0,0.0,0.0,0,0.0,0.0,0.0,0.0,0.0,0.0,pre-covid,pre-pandemic,0,0,0,0,0,1,0,0,0,0,0,0,1,0,0,0.0
2020-02-25,1,0.0,0.0,0,0.0,0.0,0.0,0.0,0.0,0.0,pre-covid,pre-pandemic,0,0,0,0,0,1,0,0,0,0,0,0,1,0,0,0.0
2020-02-26,2,0.0,0.0,0,0.0,0.0,0.0,0.0,0.0,0.0,pre-covid,pre-pandemic,0,0,0,0,0,1,0,0,0,0,0,0,1,0,0,0.0
2020-02-27,3,0.0,0.0,0,0.0,0.0,0.0,0.0,0.0,0.0,pre-covid,pre-pandemic,0,0,0,0,0,1,0,0,0,0,0,0,1,0,0,0.0
2020-02-28,4,1.0,1.0,0,0.0,0.0,0.0,0.0,0.0,0.0,pre-covid,pre-pandemic,0,0,0,0,0,1,0,0,0,0,0,0,1,0,0,1.0
2020-02-29,5,0.0,0.0,0,0.0,0.0,0.0,0.0,0.0,0.0,pre-covid,pre-pandemic,0,0,0,0,0,1,0,1,0,0,0,0,1,0,0,0.0
2020-03-01,6,,0.0,1,0.0,0.0,0.0,0.0,0.0,0.0,pre-covid,pre-pandemic,0,0,0,0,0,1,0,1,0,0,0,0,1,0,0,0.0
2020-03-02,0,1.0,1.0,0,0.0,0.0,0.0,0.0,0.0,0.0,pre-covid,pre-pandemic,0,0,0,0,0,1,0,0,0,0,0,0,1,0,0,1.0
2020-03-03,1,1.0,1.0,0,0.0,0.0,0.0,0.0,0.0,0.0,pre-covid,pre-pandemic,0,0,0,0,0,1,0,0,0,0,0,0,1,0,0,1.0
2020-03-04,2,0.0,0.0,0,0.0,0.0,0.0,0.0,0.0,0.0,pre-covid,pre-pandemic,0,0,0,0,0,1,0,0,0,0,0,0,1,0,0,0.0
2020-03-05,3,1.0,1.0,0,0.0,0.0,0.0,0.0,0.0,0.0,pre-covid,lockdown,0,1,0,0,0,0,0,0,0,0,0,0,1,0,0,1.0
2020-03-06,4,0.0,0.0,0,0.0,0.0,0.0,0.0,0.0,0.0,pre-covid,lockdown,0,1,0,0,0,0,0,0,0,0,0,0,1,0,0,0.0
2020-03-07,5,0.0,0.0,0,0.14,0.0,0.0,0.0,0.0,0.0,pre-covid,lockdown,0,1,0,0,0,0,0,1,0,0,0,0,1,0,0,0.0
2020-03-08,6,0.0,0.0,0,0.29,0.0,0.0,0.0,0.0,0.0,pre-covid,lockdown,0,1,0,0,0,0,0,1,0,0,0,0,1,0,0,0.0
2020-03-09,0,0.0,0.0,0,0.71,0.0,0.0,0.0,0.0,0.0,pre-covid,lockdown,0,1,0,0,0,0,0,0,0,0,0,0,1,0,0,0.0
2020-03-10,1,0.0,0.0,0,1.14,0.0,0.0,0.0,0.0,0.0,pre-covid,lockdown,0,1,0,0,0,0,0,0,0,0,0,0,1,0,0,0.0
2020-03-11,2,0.0,0.0,0,1.43,0.0,0.0,0.0,0.0,0.0,pre-covid,lockdown,0,1,0,0,0,0,0,0,0,0,0,0,1,0,0,0.0
2020-03-12,3,0.0,0.0,0,2.43,0.0,0.0,0.0,0.0,0.0,pre-covid,lockdown,0,1,0,0,0,0,0,0,0,0,0,0,1,0,0,0.0
2020-03-13,4,0.0,0.0,0,4.29,0.0,0.0,0.0,0.0,0.0,pre-covid,lockdown,0,1,0,0,0,0,0,0,0,0,0,0,1,0,0,0.0
2020-03-14,5,,0.0,1,5.86,0.14,0.0,0.0,0.0,0.0,pre-covid,lockdown,0,1,0,0,0,0,0,1,0,0,0,0,1,0,0,0.0
2020-03-15,6,,0.0,1,6.14,0.29,0.0,0.0,0.0,0.0,pre-covid,lockdown,0,1,0,0,0,0,0,1,0,0,0,0,1,0,0,0.0
2020-03-16,0,1.0,1.0,0,6.57,0.71,0.0,0.0,0.0,0.0,shelter-in-place,lockdown,0,1,0,0,0,0,0,0,0,0,0,0,0,0,1,1.0
2020-03-17,1,1.0,1.0,0,8.43,1.14,0.0,0.0,0.0,0.0,shelter-in-place,lockdown,0,1,0,0,0,0,0,0,0,0,0,0,0,0,1,1.0
2020-03-18,2,0.0,0.0,0,9.71,1.43,0.0,0.0,0.0,0.0,shelter-in-place,lockdown,0,1,0,0,0,0,0,0,0,0,0,0,0,0,1,0.0
2020-03-19,3,1.0,1.0,0,11.0,2.43,0.0,0.0,0.0,0.0,shelter-in-place,lockdown,0,1,0,0,0,0,0,0,0,0,0,0,0,0,1,1.0
2020-03-20,4,0.0,0.0,0,12.14,4.29,0.0,0.14,0.0,0.0,shelter-in-place,lockdown,0,1,0,0,0,0,0,0,0,0,0,0,0,0,1,0.0
2020-03-21,5,,0.0,1,15.71,5.86,0.14,0.14,0.0,0.0,shelter-in-place,lockdown,0,1,0,0,0,0,0,1,0,0,0,0,0,0,1,0.0
2020-03-22,6,,0.0,1,24.86,6.14,0.29,0.14,0.0,0.0,shelter-in-place,lockdown,0,1,0,0,0,0,0,1,0,0,0,0,0,0,1,0.0
2020-03-23,0,0.0,0.0,0,29.0,6.57,0.71,0.14,0.0,0.0,shelter-in-place,lockdown,0,1,0,0,0,0,0,0,0,0,0,0,0,0,1,0.0
2020-03-24,1,0.0,0.0,0,32.0,8.43,1.14,0.43,0.0,0.0,shelter-in-place,lockdown,0,1,0,0,0,0,0,0,0,0,0,0,0,0,1,0.0
2020-03-25,2,0.0,0.0,0,44.57,9.71,1.43,0.43,0.0,0.0,shelter-in-place,lockdown,0,1,0,0,0,0,0,0,0,0,0,0,0,0,1,0.0
2020-03-26,3,0.0,0.0,0,72.71,11.0,2.43,0.43,0.0,0.0,shelter-in-place,lockdown,0,1,0,0,0,0,0,0,0,0,0,0,0,0,1,0.0
2020-03-27,4,0.0,0.0,0,70.0,12.14,4.29,0.43,0.14,0.0,shelter-in-place,lockdown,0,1,0,0,0,0,0,0,0,0,0,0,0,0,1,0.0
2020-03-28,5,,0.0,1,83.86,15.71,5.86,0.38,0.14,0.0,shelter-in-place,lockdown,0,1,0,0,0,0,0,1,0,0,0,0,0,0,1,0.0
2020-03-29,6,0.0,0.0,0,95.71,24.86,6.14,0.38,0.14,0.0,shelter-in-place,lockdown,0,1,0,0,0,0,0,1,0,0,0,0,0,0,1,0.0
2020-03-30,0,1.0,1.0,0,109.43,29.0,6.57,0.38,0.14,0.0,shelter-in-place,lockdown,0,1,0,0,0,0,0,0,0,0,0,0,0,0,1,1.0
2020-03-31,1,0.0,0.0,0,136.86,32.0,8.43,1.29,0.43,0.0,shelter-in-place,lockdown,0,1,0,0,0,0,0,0,0,0,0,0,0,0,1,0.0
2020-04-01,2,0.0,0.0,0,160.14,44.57,9.71,1.25,0.43,0.0,shelter-in-place,lockdown,0,1,0,0,0,0,0,0,0,0,0,0,0,0,1,0.0
2020-04-02,3,1.0,1.0,0,157.57,72.71,11.0,1.44,0.43,0.0,shelter-in-place,lockdown,0,1,0,0,0,0,0,0,0,0,0,0,0,0,1,1.0
2020-04-03,4,0.0,0.0,0,200.86,70.0,12.14,1.4,0.43,0.14,shelter-in-place,lockdown,0,1,0,0,0,0,0,0,0,0,0,0,0,0,1,0.0
2020-04-04,5,0.0,0.0,0,238.43,83.86,15.71,3.14,0.38,0.14,shelter-in-place,lockdown,0,1,0,0,0,0,0,1,0,0,0,0,0,0,1,0.0
2020-04-05,6,0.0,0.0,0,249.57,95.71,24.86,3.14,0.38,0.14,shelter-in-place,lockdown,0,1,0,0,0,0,0,1,0,0,0,0,0,0,1,0.0
2020-04-06,0,0.0,0.0,0,265.29,109.43,29.0,2.56,0.38,0.14,shelter-in-place,lockdown,0,1,0,0,0,0,0,0,0,0,0,0,0,0,1,0.0
2020-04-07,1,1.0,1.0,0,297.57,136.86,32.0,3.43,1.29,0.43,shelter-in-place,lockdown,0,1,0,0,0,0,0,0,0,0,0,0,0,0,1,1.0
2020-04-08,2,0.0,0.0,0,304.71,160.14,44.57,4.0,1.25,0.43,shelter-in-place,lockdown,0,1,0,0,0,0,0,0,0,0,0,0,0,0,1,0.0
2020-04-09,3,0.0,0.0,0,333.57,157.57,72.71,4.0,1.44,0.43,shelter-in-place,lockdown,0,1,0,0,0,0,0,0,0,0,0,0,0,0,1,0.0
2020-04-10,4,0.0,0.0,0,356.86,200.86,70.0,4.43,1.4,0.43,shelter-in-place,lockdown,0,1,0,0,0,0,0,0,0,0,0,0,0,0,1,0.0
2020-04-11,5,0.0,0.0,0,381.14,238.43,83.86,3.29,3.14,0.38,shelter-in-place,lockdown,0,1,0,0,0,0,0,1,0,0,0,0,0,0,1,0.0
2020-04-12,6,0.0,0.0,0,376.71,249.57,95.71,3.13,3.14,0.38,shelter-in-place,lockdown,0,1,0,0,0,0,0,1,0,0,0,0,0,0,1,0.0
2020-04-13,0,0.0,0.0,0,409.86,265.29,109.43,3.86,2.56,0.38,shelter-in-place,lockdown,0,1,0,0,0,0,0,0,0,0,0,0,0,0,1,0.0
2020-04-14,1,0.0,0.0,0,405.86,297.57,136.86,3.29,3.43,1.29,shelter-in-place,lockdown,0,1,0,0,0,0,0,0,0,0,0,0,0,0,1,0.0
2020-04-15,2,0.0,0.0,0,408.29,304.71,160.14,3.29,4.0,1.25,shelter-in-place,lockdown,0,1,0,0,0,0,0,0,0,0,0,0,0,0,1,0.0
2020-04-16,3,0.0,0.0,0,407.14,333.57,157.57,2.57,4.0,1.44,shelter-in-place,lockdown,0,1,0,0,0,0,0,0,0,0,0,0,0,0,1,0.0
2020-04-17,4,0.0,0.0,0,426.14,356.86,200.86,2.14,4.43,1.4,shelter-in-place,lockdown,0,1,0,0,0,0,0,0,0,0,0,0,0,0,1,0.0
2020-04-18,5,0.0,0.0,0,425.29,381.14,238.43,2.29,3.29,3.14,shelter-in-place,lockdown,0,1,0,0,0,0,0,1,0,0,0,0,0,0,1,0.0
2020-04-19,6,0.0,0.0,0,466.14,376.71,249.57,2.29,3.13,3.14,shelter-in-place,lockdown,0,1,0,0,0,0,0,1,0,0,0,0,0,0,1,0.0
2020-04-20,0,0.0,0.0,0,463.29,409.86,265.29,2.29,3.86,2.56,shelter-in-place,lockdown,0,1,0,0,0,0,0,0,0,0,0,0,0,0,1,0.0
2020-04-21,1,0.0,0.0,0,493.71,405.86,297.57,3.29,3.29,3.43,shelter-in-place,lockdown,0,1,0,0,0,0,0,0,0,0,0,0,0,0,1,0.0
2020-04-22,2,0.0,0.0,0,537.57,408.29,304.71,4.25,3.29,4.0,shelter-in-place,lockdown,0,1,0,0,0,0,0,0,0,0,0,0,0,0,1,0.0
2020-04-23,3,0.0,0.0,0,586.86,407.14,333.57,5.14,2.57,4.0,shelter-in-place,lockdown,0,1,0,0,0,0,0,0,0,0,0,0,0,0,1,0.0
2020-04-24,4,,0.0,1,586.14,426.14,356.86,5.29,2.14,4.43,shelter-in-place,lockdown,0,1,0,0,0,0,0,0,0,0,0,0,0,0,1,0.0
2020-04-25,5,0.0,0.0,0,616.0,425.29,381.14,5.43,2.29,3.29,shelter-in-place,lockdown,0,1,0,0,0,0,0,1,0,0,0,0,0,0,1,0.0
2020-04-26,6,0.0,0.0,0,633.29,466.14,376.71,5.38,2.29,3.13,shelter-in-place,lockdown,0,1,0,0,0,0,0,1,0,0,0,0,0,0,1,0.0
2020-04-27,0,0.0,0.0,0,649.29,463.29,409.86,5.44,2.29,3.86,shelter-in-place,lockdown,0,1,0,0,0,0,0,0,0,0,0,0,0,0,1,0.0
2020-04-28,1,1.0,1.0,0,673.0,493.71,405.86,9.57,3.29,3.29,shelter-in-place,lockdown,0,1,0,0,0,0,0,0,0,0,0,0,0,0,1,1.0
2020-04-29,2,0.0,0.0,0,671.14,537.57,408.29,8.14,4.25,3.29,shelter-in-place,lockdown,0,1,0,0,0,0,0,0,0,0,0,0,0,0,1,0.0
2020-04-30,3,0.0,0.0,0,692.71,586.86,407.14,8.57,5.14,2.57,shelter-in-place,lockdown,0,1,0,0,0,0,0,0,0,0,0,0,0,0,1,0.0
2020-05-01,4,1.0,1.0,0,758.29,586.14,426.14,10.0,5.29,2.14,shelter-in-place,lockdown,0,1,0,0,0,0,0,0,0,0,0,0,0,0,1,1.0
2020-05-02,5,0.0,0.0,0,766.86,616.0,425.29,10.0,5.43,2.29,shelter-in-place,lockdown,0,1,0,0,0,0,0,1,0,0,0,0,0,0,1,0.0
2020-05-03,6,0.0,0.0,0,814.86,633.29,466.14,10.71,5.38,2.29,shelter-in-place,lockdown,0,1,0,0,0,0,0,1,0,0,0,0,0,0,1,0.0
2020-05-04,0,0.0,0.0,0,851.43,649.29,463.29,10.71,5.44,2.29,shelter-in-place,lockdown,0,1,0,0,0,0,0,0,0,0,0,0,0,0,1,0.0
2020-05-05,1,0.0,0.0,0,845.43,673.0,493.71,5.43,9.57,3.29,shelter-in-place,lockdown,0,1,0,0,0,0,0,0,0,0,0,0,0,0,1,0.0
2020-05-06,2,0.0,0.0,0,845.43,671.14,537.57,5.43,8.14,4.25,shelter-in-place,lockdown,0,1,0,0,0,0,0,0,0,0,0,0,0,0,1,0.0
2020-05-07,3,0.0,0.0,0,817.43,692.71,586.86,5.0,8.57,5.14,shelter-in-place,lockdown,0,1,0,0,0,0,0,0,0,0,0,0,0,0,1,0.0
2020-05-08,4,0.0,0.0,0,777.0,758.29,586.14,3.43,10.0,5.29,shelter-in-place,lockdown,0,1,0,0,0,0,0,0,0,0,0,0,0,0,1,0.0
2020-05-09,5,0.0,0.0,0,780.43,766.86,616.0,4.14,10.0,5.43,shelter-in-place,lockdown,0,1,0,0,0,0,0,1,0,0,0,0,0,0,1,0.0
2020-05-10,6,0.0,0.0,0,772.57,814.86,633.29,4.14,10.71,5.38,shelter-in-place,lockdown,0,1,0,0,0,0,0,1,0,0,0,0,0,0,1,0.0
2020-05-11,0,0.0,0.0,0,796.57,851.43,649.29,3.13,10.71,5.44,shelter-in-place,lockdown,0,1,0,0,0,0,0,0,0,0,0,0,0,0,1,0.0
2020-05-12,1,0.0,0.0,0,791.71,845.43,673.0,3.29,5.43,9.57,shelter-in-place,lockdown,0,1,0,0,0,0,0,0,0,0,0,0,0,0,1,0.0
2020-05-13,2,0.0,0.0,0,811.0,845.43,671.14,3.25,5.43,8.14,shelter-in-place,lockdown,0,1,0,0,0,0,0,0,0,0,0,0,0,0,1,0.0
2020-05-14,3,0.0,0.0,0,891.86,817.43,692.71,3.43,5.0,8.57,shelter-in-place,lockdown,0,1,0,0,0,0,0,0,0,0,0,0,0,0,1,0.0
2020-05-15,4,0.0,0.0,0,904.29,777.0,758.29,3.57,3.43,10.0,shelter-in-place,lockdown,0,1,0,0,0,0,0,0,0,0,0,0,0,0,1,0.0
2020-05-16,5,0.0,0.0,0,926.71,780.43,766.86,2.86,4.14,10.0,shelter-in-place,lockdown,0,1,0,0,0,0,0,1,0,0,0,0,0,0,1,0.0
2020-05-17,6,0.0,0.0,0,901.0,772.57,814.86,2.88,4.14,10.71,shelter-in-place,lockdown,0,1,0,0,0,0,0,1,0,0,0,0,0,0,1,0.0
2020-05-18,0,0.0,0.0,0,867.14,796.57,851.43,2.86,3.13,10.71,shelter-in-place,lockdown,0,1,0,0,0,0,0,0,0,0,0,0,0,0,1,0.0
2020-05-19,1,0.0,0.0,0,906.43,791.71,845.43,3.86,3.29,5.43,shelter-in-place,lockdown,0,1,0,0,0,0,0,0,0,0,0,0,0,0,1,0.0
2020-05-20,2,0.0,0.0,0,880.29,811.0,845.43,4.0,3.25,5.43,shelter-in-place,lockdown,0,1,0,0,0,0,0,0,0,0,0,0,0,0,1,0.0
2020-05-21,3,0.0,0.0,0,903.43,891.86,817.43,4.0,3.43,5.0,shelter-in-place,lockdown,0,1,0,0,0,0,0,0,0,0,0,0,0,0,1,0.0
2020-05-22,4,0.0,0.0,0,896.86,904.29,777.0,4.57,3.57,3.43,shelter-in-place,lockdown,0,1,0,0,0,0,0,0,0,0,0,0,0,0,1,0.0
2020-05-23,5,1.0,1.0,0,866.57,926.71,780.43,4.43,2.86,4.14,shelter-in-place,lockdown,0,1,0,0,0,0,0,1,0,0,0,0,0,0,1,1.0
2020-05-24,6,0.0,0.0,0,836.57,901.0,772.57,5.29,2.88,4.14,shelter-in-place,lockdown,0,1,0,0,0,0,0,1,0,0,0,0,0,0,1,0.0
2020-05-25,0,0.0,0.0,0,941.0,867.14,796.57,6.29,2.86,3.13,shelter-in-place,lockdown,0,1,0,0,0,0,0,0,1,1,0,0,0,0,1,0.0
2020-05-26,1,0.0,0.0,0,1028.14,906.43,791.71,6.29,3.86,3.29,shelter-in-place,lockdown,0,1,0,0,0,0,0,0,0,0,0,0,0,0,1,0.0
2020-05-27,2,0.0,0.0,0,1048.71,880.29,811.0,5.86,4.0,3.25,shelter-in-place,lockdown,0,1,0,0,0,0,0,0,0,0,0,0,0,0,1,0.0
2020-05-28,3,0.0,0.0,0,1037.71,903.43,891.86,5.57,4.0,3.43,shelter-in-place,lockdown,0,1,0,0,0,0,0,0,0,0,0,0,0,0,1,0.0
2020-05-29,4,0.0,0.0,0,1083.29,896.86,904.29,6.14,4.57,3.57,shelter-in-place,lockdown,0,1,0,0,0,0,0,0,0,0,0,0,0,0,1,0.0
2020-05-30,5,0.0,0.0,0,1123.14,866.57,926.71,7.71,4.43,2.86,shelter-in-place,pre-vaccine,0,0,0,0,0,0,1,1,0,0,0,0,0,0,1,0.0
2020-05-31,6,0.0,0.0,0,1194.71,836.57,901.0,6.57,5.29,2.88,pre-vax,pre-vaccine,0,0,0,0,0,0,1,1,0,0,0,0,0,1,0,0.0
2020-06-01,0,0.0,0.0,0,1095.86,941.0,867.14,5.86,6.29,2.86,pre-vax,pre-vaccine,0,0,0,0,0,0,1,0,0,0,0,0,0,1,0,0.0
2020-06-02,1,0.0,0.0,0,985.29,1028.14,906.43,6.29,6.29,3.86,pre-vax,pre-vaccine,0,0,0,0,0,0,1,0,0,0,0,0,0,1,0,0.0
2020-06-03,2,1.0,1.0,0,950.86,1048.71,880.29,6.29,5.86,4.0,pre-vax,pre-vaccine,0,0,0,0,0,0,1,0,0,0,0,0,0,1,0,1.0
2020-06-04,3,0.0,0.0,0,922.14,1037.71,903.43,6.57,5.57,4.0,pre-vax,pre-vaccine,0,0,0,0,0,0,1,0,0,0,0,0,0,1,0,0.0
2020-06-05,4,0.0,0.0,0,857.0,1083.29,896.86,6.57,6.14,4.57,pre-vax,pre-vaccine,0,0,0,0,0,0,1,0,0,0,0,0,0,1,0,0.0
2020-06-06,5,0.0,0.0,0,826.57,1123.14,866.57,6.29,7.71,4.43,pre-vax,pre-vaccine,0,0,0,0,0,0,1,1,0,0,0,0,0,1,0,0.0
2020-06-07,6,0.0,0.0,0,867.71,1194.71,836.57,5.57,6.57,5.29,pre-vax,pre-vaccine,0,0,0,0,0,0,1,1,0,0,0,0,0,1,0,0.0
2020-06-08,0,0.0,0.0,0,836.14,1095.86,941.0,5.57,5.86,6.29,pre-vax,pre-vaccine,0,0,0,0,0,0,1,0,0,0,0,0,0,1,0,0.0
2020-06-09,1,1.0,1.0,0,785.57,985.29,1028.14,5.86,6.29,6.29,pre-vax,pre-vaccine,0,0,0,0,0,0,1,0,0,0,0,0,0,1,0,1.0
2020-06-10,2,0.0,0.0,0,753.14,950.86,1048.71,4.57,6.29,5.86,pre-vax,pre-vaccine,0,0,0,0,0,0,1,0,0,0,0,0,0,1,0,0.0
2020-06-11,3,1.0,1.0,0,684.43,922.14,1037.71,5.57,6.57,5.57,pre-vax,pre-vaccine,0,0,0,0,0,0,1,0,0,0,0,0,0,1,0,1.0
2020-06-12,4,0.0,0.0,0,668.43,857.0,1083.29,5.63,6.57,6.14,pre-vax,pre-vaccine,0,0,0,0,0,0,1,0,0,0,0,0,0,1,0,0.0
2020-06-13,5,0.0,0.0,0,638.86,826.57,1123.14,5.71,6.29,7.71,pre-vax,pre-vaccine,0,0,0,0,0,0,1,1,0,0,0,0,0,1,0,0.0
2020-06-14,6,0.0,0.0,0,546.43,867.71,1194.71,5.71,5.57,6.57,pre-vax,pre-vaccine,0,0,0,0,0,0,1,1,0,0,0,0,0,1,0,0.0
2020-06-15,0,0.0,0.0,0,519.29,836.14,1095.86,5.38,5.57,5.86,pre-vax,pre-vaccine,0,0,0,0,0,0,1,0,0,0,0,0,0,1,0,0.0
2020-06-16,1,0.0,0.0,0,513.29,785.57,985.29,5.14,5.86,6.29,pre-vax,pre-vaccine,0,0,0,0,0,0,1,0,0,0,0,0,0,1,0,0.0
2020-06-17,2,0.0,0.0,0,514.0,753.14,950.86,5.86,4.57,6.29,pre-vax,pre-vaccine,0,0,0,0,0,0,1,0,0,0,0,0,0,1,0,0.0
2020-06-18,3,1.0,1.0,0,513.0,684.43,922.14,5.43,5.57,6.57,pre-vax,pre-vaccine,0,0,0,0,0,0,1,0,0,0,0,0,0,1,0,1.0
2020-06-19,4,0.0,0.0,0,511.71,668.43,857.0,5.0,5.63,6.57,pre-vax,pre-vaccine,0,0,0,0,0,0,1,0,0,0,0,0,0,1,0,0.0
2020-06-20,5,0.0,0.0,0,510.57,638.86,826.57,5.0,5.71,6.29,pre-vax,pre-vaccine,0,0,0,0,0,0,1,1,0,0,0,0,0,1,0,0.0
2020-06-21,6,0.0,0.0,0,498.29,546.43,867.71,3.88,5.71,5.57,pre-vax,pre-vaccine,0,0,0,0,0,0,1,1,0,0,0,0,0,1,0,0.0
2020-06-22,0,0.0,0.0,0,511.29,519.29,836.14,4.71,5.38,5.57,pre-vax,pre-vaccine,0,0,0,0,0,0,1,0,0,0,0,0,0,1,0,0.0
2020-06-23,1,0.0,0.0,0,523.29,513.29,785.57,4.86,5.14,5.86,pre-vax,pre-vaccine,0,0,0,0,0,0,1,0,0,0,0,0,0,1,0,0.0
2020-06-24,2,1.0,1.0,0,534.14,514.0,753.14,4.43,5.86,4.57,pre-vax,pre-vaccine,0,0,0,0,0,0,1,0,0,0,0,0,0,1,0,1.0
2020-06-25,3,0.0,0.0,0,529.71,513.0,684.43,5.71,5.43,5.57,pre-vax,pre-vaccine,0,0,0,0,0,0,1,0,0,0,0,0,0,1,0,0.0
2020-06-26,4,0.0,0.0,0,539.57,511.71,668.43,6.29,5.0,5.63,pre-vax,pre-vaccine,0,0,0,0,0,0,1,0,0,0,0,0,0,1,0,0.0
2020-06-27,5,0.0,0.0,0,543.43,510.57,638.86,6.25,5.0,5.71,pre-vax,pre-vaccine,0,0,0,0,0,0,1,1,0,0,0,0,0,1,0,0.0
2020-06-28,6,0.0,0.0,0,534.57,498.29,546.43,7.57,3.88,5.71,pre-vax,pre-vaccine,0,0,0,0,0,0,1,1,0,0,0,0,0,1,0,0.0
2020-06-29,0,1.0,1.0,0,532.0,511.29,519.29,7.43,4.71,5.38,pre-vax,pre-vaccine,0,0,0,0,0,0,1,0,0,0,0,0,0,1,0,1.0
2020-06-30,1,0.0,0.0,0,541.86,523.29,513.29,8.71,4.86,5.14,pre-vax,pre-vaccine,0,0,0,0,0,0,1,0,0,0,0,0,0,1,0,0.0
2020-07-01,2,0.0,0.0,0,527.0,534.14,514.0,10.14,4.43,5.86,pre-vax,pre-vaccine,0,0,0,0,0,0,1,0,0,0,0,0,0,1,0,0.0
2020-07-02,3,0.0,0.0,0,541.29,529.71,513.0,10.14,5.71,5.43,pre-vax,pre-vaccine,0,0,0,0,0,0,1,0,0,0,0,0,0,1,0,0.0
2020-07-03,4,0.0,0.0,0,546.14,539.57,511.71,11.0,6.29,5.0,pre-vax,pre-vaccine,0,0,0,0,0,0,1,0,1,1,0,0,0,1,0,0.0
2020-07-04,5,0.0,0.0,0,551.71,543.43,510.57,12.0,6.25,5.0,pre-vax,pre-vaccine,0,0,0,0,0,0,1,1,0,0,0,0,0,1,0,0.0
2020-07-05,6,0.0,0.0,0,573.14,534.57,498.29,12.86,7.57,3.88,pre-vax,pre-vaccine,0,0,0,0,0,0,1,1,0,0,0,0,0,1,0,0.0
2020-07-06,0,1.0,1.0,0,559.0,532.0,511.29,12.86,7.43,4.71,pre-vax,pre-vaccine,0,0,0,0,0,0,1,0,0,0,0,0,0,1,0,1.0
2020-07-07,1,0.0,0.0,0,564.71,541.86,523.29,12.86,8.71,4.86,pre-vax,pre-vaccine,0,0,0,0,0,0,1,0,0,0,0,0,0,1,0,0.0
2020-07-08,2,0.0,0.0,0,596.0,527.0,534.14,13.71,10.14,4.43,pre-vax,pre-vaccine,0,0,0,0,0,0,1,0,0,0,0,0,0,1,0,0.0
2020-07-09,3,0.0,0.0,0,607.57,541.29,529.71,13.14,10.14,5.71,pre-vax,pre-vaccine,0,0,0,0,0,0,1,0,0,0,0,0,0,1,0,0.0
2020-07-10,4,0.0,0.0,0,648.29,546.14,539.57,14.43,11.0,6.29,pre-vax,pre-vaccine,0,0,0,0,0,0,1,0,0,0,0,0,0,1,0,0.0
2020-07-11,5,,0.0,1,667.57,551.71,543.43,17.57,12.0,6.25,pre-vax,pre-vaccine,0,0,0,0,0,0,1,1,0,0,0,0,0,1,0,0.0
2020-07-12,6,,0.0,1,703.14,573.14,534.57,19.57,12.86,7.57,pre-vax,pre-vaccine,0,0,0,0,0,0,1,1,0,0,0,0,0,1,0,0.0
2020-07-13,0,0.0,0.0,0,791.43,559.0,532.0,20.63,12.86,7.43,pre-vax,pre-vaccine,0,0,0,0,0,0,1,0,0,0,0,0,0,1,0,0.0
2020-07-14,1,0.0,0.0,0,814.71,564.71,541.86,27.0,12.86,8.71,pre-vax,pre-vaccine,0,0,0,0,0,0,1,0,0,0,0,0,0,1,0,0.0
2020-07-15,2,0.0,0.0,0,878.86,596.0,527.0,28.71,13.71,10.14,pre-vax,pre-vaccine,0,0,0,0,0,0,1,0,0,0,0,0,0,1,0,0.0
2020-07-16,3,0.0,0.0,0,920.43,607.57,541.29,31.71,13.14,10.14,pre-vax,pre-vaccine,0,0,0,0,0,0,1,0,0,0,0,0,0,1,0,0.0
2020-07-17,4,0.0,0.0,0,928.86,648.29,546.14,35.0,14.43,11.0,pre-vax,pre-vaccine,0,0,0,0,0,0,1,0,0,0,0,0,0,1,0,0.0
2020-07-18,5,0.0,0.0,0,941.57,667.57,551.71,37.57,17.57,12.0,pre-vax,pre-vaccine,0,0,0,0,0,0,1,1,0,0,0,0,0,1,0,0.0
2020-07-19,6,0.0,0.0,0,965.71,703.14,573.14,40.0,19.57,12.86,pre-vax,pre-vaccine,0,0,0,0,0,0,1,1,0,0,0,0,0,1,0,0.0
2020-07-20,0,0.0,0.0,0,961.86,791.43,559.0,42.14,20.63,12.86,pre-vax,pre-vaccine,0,0,0,0,0,0,1,0,0,0,0,0,0,1,0,0.0
2020-07-21,1,0.0,0.0,0,989.71,814.71,564.71,40.71,27.0,12.86,pre-vax,pre-vaccine,0,0,0,0,0,0,1,0,0,0,0,0,0,1,0,0.0
2020-07-22,2,0.0,0.0,0,980.86,878.86,596.0,41.57,28.71,13.71,pre-vax,pre-vaccine,0,0,0,0,0,0,1,0,0,0,0,0,0,1,0,0.0
2020-07-23,3,0.0,0.0,0,972.29,920.43,607.57,41.14,31.71,13.14,pre-vax,pre-vaccine,0,0,0,0,0,0,1,0,0,0,0,0,0,1,0,0.0
2020-07-24,4,0.0,0.0,0,990.14,928.86,648.29,41.86,35.0,14.43,pre-vax,pre-vaccine,0,0,0,0,0,0,1,0,0,0,0,0,0,1,0,0.0
2020-07-25,5,0.0,0.0,0,1033.71,941.57,667.57,42.86,37.57,17.57,pre-vax,pre-vaccine,0,0,0,0,0,0,1,1,0,0,0,0,0,1,0,0.0
2020-07-26,6,0.0,0.0,0,1019.57,965.71,703.14,43.0,40.0,19.57,pre-vax,pre-vaccine,0,0,0,0,0,0,1,1,0,0,0,0,0,1,0,0.0
2020-07-27,0,0.0,0.0,0,1099.57,961.86,791.43,40.29,42.14,20.63,pre-vax,pre-vaccine,0,0,0,0,0,0,1,0,0,0,0,0,0,1,0,0.0
2020-07-28,1,0.0,0.0,0,1089.0,989.71,814.71,45.86,40.71,27.0,pre-vax,pre-vaccine,0,0,0,0,0,0,1,0,0,0,0,0,0,1,0,0.0
2020-07-29,2,0.0,0.0,0,1085.71,980.86,878.86,43.57,41.57,28.71,pre-vax,pre-vaccine,0,0,0,0,0,0,1,0,0,0,0,0,0,1,0,0.0
2020-07-30,3,0.0,0.0,0,1095.29,972.29,920.43,43.14,41.14,31.71,pre-vax,pre-vaccine,0,0,0,0,0,0,1,0,0,0,0,0,0,1,0,0.0
2020-07-31,4,0.0,0.0,0,1074.86,990.14,928.86,42.43,41.86,35.0,pre-vax,pre-vaccine,0,0,0,0,0,0,1,0,0,0,0,0,0,1,0,0.0
2020-08-01,5,0.0,0.0,0,1027.43,1033.71,941.57,38.14,42.86,37.57,pre-vax,pre-vaccine,0,0,0,0,0,0,1,1,0,0,0,0,0,1,0,0.0
2020-08-02,6,0.0,0.0,0,1030.71,1019.57,965.71,38.86,43.0,40.0,pre-vax,pre-vaccine,0,0,0,0,0,0,1,1,0,0,0,0,0,1,0,0.0
2020-08-03,0,0.0,0.0,0,1004.86,1099.57,961.86,35.57,40.29,42.14,pre-vax,pre-vaccine,0,0,0,0,0,0,1,0,0,0,0,0,0,1,0,0.0
2020-08-04,1,0.0,0.0,0,1036.71,1089.0,989.71,37.71,45.86,40.71,pre-vax,pre-vaccine,0,0,0,0,0,0,1,0,0,0,0,0,0,1,0,0.0
2020-08-05,2,0.0,0.0,0,1008.0,1085.71,980.86,39.0,43.57,41.57,pre-vax,pre-vaccine,0,0,0,0,0,0,1,0,0,0,0,0,0,1,0,0.0
2020-08-06,3,0.0,0.0,0,994.71,1095.29,972.29,37.0,43.14,41.14,pre-vax,pre-vaccine,0,0,0,0,0,0,1,0,0,0,0,0,0,1,0,0.0
2020-08-07,4,0.0,0.0,0,1142.0,1074.86,990.14,37.71,42.43,41.86,pre-vax,pre-vaccine,0,0,0,0,0,0,1,0,0,0,0,0,0,1,0,0.0
2020-08-08,5,0.0,0.0,0,1198.29,1027.43,1033.71,38.0,38.14,42.86,pre-vax,pre-vaccine,0,0,0,0,0,0,1,1,0,0,0,0,0,1,0,0.0
2020-08-09,6,0.0,0.0,0,1186.29,1030.71,1019.57,31.43,38.86,43.0,pre-vax,pre-vaccine,0,0,0,0,0,0,1,1,0,0,0,0,0,1,0,0.0
2020-08-10,0,0.0,0.0,0,1091.86,1004.86,1099.57,35.43,35.57,40.29,pre-vax,pre-vaccine,0,0,0,0,0,0,1,0,0,0,0,0,0,1,0,0.0
2020-08-11,1,0.0,0.0,0,1070.57,1036.71,1089.0,28.86,37.71,45.86,pre-vax,pre-vaccine,0,0,0,0,0,0,1,0,0,0,0,0,0,1,0,0.0
2020-08-12,2,0.0,0.0,0,1067.43,1008.0,1085.71,27.43,39.0,43.57,pre-vax,pre-vaccine,0,0,0,0,0,0,1,0,0,0,0,0,0,1,0,0.0
2020-08-13,3,0.0,0.0,0,1107.86,994.71,1095.29,33.0,37.0,43.14,pre-vax,pre-vaccine,0,0,0,0,0,0,1,0,0,0,0,0,0,1,0,0.0
2020-08-14,4,0.0,0.0,0,993.71,1142.0,1074.86,32.29,37.71,42.43,pre-vax,pre-vaccine,0,0,0,0,0,0,1,0,0,0,0,0,0,1,0,0.0
2020-08-15,5,0.0,0.0,0,937.29,1198.29,1027.43,29.43,38.0,38.14,pre-vax,pre-vaccine,0,0,0,0,0,0,1,1,0,0,0,0,0,1,0,0.0
2020-08-16,6,0.0,0.0,0,943.0,1186.29,1030.71,29.43,31.43,38.86,pre-vax,pre-vaccine,0,0,0,0,0,0,1,1,0,0,0,0,0,1,0,0.0
2020-08-17,0,0.0,0.0,0,953.14,1091.86,1004.86,29.57,35.43,35.57,pre-vax,pre-vaccine,0,0,0,0,0,0,1,0,0,0,0,0,0,1,0,0.0
2020-08-18,1,0.0,0.0,0,933.86,1070.57,1036.71,27.0,28.86,37.71,pre-vax,pre-vaccine,0,0,0,0,0,0,1,0,0,0,0,0,0,1,0,0.0
2020-08-19,2,0.0,0.0,0,928.29,1067.43,1008.0,24.14,27.43,39.0,pre-vax,pre-vaccine,0,0,0,0,0,0,1,0,0,0,0,0,0,1,0,0.0
2020-08-20,3,0.0,0.0,0,896.14,1107.86,994.71,19.71,33.0,37.0,pre-vax,pre-vaccine,0,0,0,0,0,0,1,0,0,0,0,0,0,1,0,0.0
2020-08-21,4,0.0,0.0,0,860.29,993.71,1142.0,15.0,32.29,37.71,pre-vax,pre-vaccine,0,0,0,0,0,0,1,0,0,0,0,0,0,1,0,0.0
2020-08-22,5,0.0,0.0,0,903.14,937.29,1198.29,17.29,29.43,38.0,pre-vax,pre-vaccine,0,0,0,0,0,0,1,1,0,0,0,0,0,1,0,0.0
2020-08-23,6,0.0,0.0,0,897.0,943.0,1186.29,17.29,29.43,31.43,pre-vax,pre-vaccine,0,0,0,0,0,0,1,1,0,0,0,0,0,1,0,0.0
2020-08-24,0,1.0,1.0,0,887.0,953.14,1091.86,17.29,29.57,35.43,pre-vax,pre-vaccine,0,0,0,0,0,0,1,0,0,0,0,0,0,1,0,1.0
2020-08-25,1,0.0,0.0,0,907.57,933.86,1070.57,16.14,27.0,28.86,pre-vax,pre-vaccine,0,0,0,0,0,0,1,0,0,0,0,0,0,1,0,0.0
2020-08-26,2,0.0,0.0,0,919.86,928.29,1067.43,16.86,24.14,27.43,pre-vax,pre-vaccine,0,0,0,0,0,0,1,0,0,0,0,0,0,1,0,0.0
2020-08-27,3,0.0,0.0,0,954.86,896.14,1107.86,16.57,19.71,33.0,pre-vax,pre-vaccine,0,0,0,0,0,0,1,0,0,0,0,0,0,1,0,0.0
2020-08-28,4,0.0,0.0,0,961.71,860.29,993.71,18.43,15.0,32.29,pre-vax,pre-vaccine,0,0,0,0,0,0,1,0,0,0,0,0,0,1,0,0.0
2020-08-29,5,0.0,0.0,0,962.43,903.14,937.29,16.14,17.29,29.43,pre-vax,pre-vaccine,0,0,0,0,0,0,1,1,0,0,0,0,0,1,0,0.0
2020-08-30,6,0.0,0.0,0,968.71,897.0,943.0,18.14,17.29,29.43,pre-vax,pre-vaccine,0,0,0,0,0,0,1,1,0,0,0,0,0,1,0,0.0
2020-08-31,0,0.0,0.0,0,994.86,887.0,953.14,18.14,17.29,29.57,pre-vax,pre-vaccine,0,0,0,0,0,0,1,0,0,0,0,0,0,1,0,0.0
2020-09-01,1,1.0,1.0,0,997.14,907.57,933.86,14.14,16.14,27.0,pre-vax,pre-vaccine,0,0,0,0,0,0,1,0,0,0,0,0,0,1,0,1.0
2020-09-02,2,0.0,0.0,0,1012.0,919.86,928.29,14.29,16.86,24.14,pre-vax,pre-vaccine,0,0,0,0,0,0,1,0,0,0,0,0,0,1,0,0.0
2020-09-03,3,0.0,0.0,0,1012.71,954.86,896.14,13.86,16.57,19.71,pre-vax,pre-vaccine,0,0,0,0,0,0,1,0,0,0,0,0,0,1,0,0.0
2020-09-04,4,0.0,0.0,0,1026.71,961.71,860.29,11.86,18.43,15.0,pre-vax,pre-vaccine,0,0,0,0,0,0,1,0,0,0,0,0,0,1,0,0.0
2020-09-05,5,,0.0,1,988.29,962.43,903.14,11.29,16.14,17.29,pre-vax,pre-vaccine,0,0,0,0,0,0,1,1,0,0,0,0,0,1,0,0.0
2020-09-06,6,0.0,0.0,0,1025.57,968.71,897.0,10.0,18.14,17.29,pre-vax,pre-vaccine,0,0,0,0,0,0,1,1,0,0,0,0,0,1,0,0.0
2020-09-07,0,0.0,0.0,0,996.71,994.86,887.0,9.13,18.14,17.29,pre-vax,pre-vaccine,0,0,0,0,0,0,1,0,1,1,0,0,0,1,0,0.0
2020-09-08,1,0.0,0.0,0,970.29,997.14,907.57,10.71,14.14,16.14,pre-vax,pre-vaccine,0,0,0,0,0,0,1,0,0,0,0,0,0,1,0,0.0
2020-09-09,2,0.0,0.0,0,963.86,1012.0,919.86,11.71,14.29,16.86,pre-vax,pre-vaccine,0,0,0,0,0,0,1,0,0,0,0,0,0,1,0,0.0
2020-09-10,3,0.0,0.0,0,979.57,1012.71,954.86,11.29,13.86,16.57,pre-vax,pre-vaccine,0,0,0,0,0,0,1,0,0,0,0,0,0,1,0,0.0
2020-09-11,4,0.0,0.0,0,980.14,1026.71,961.71,10.57,11.86,18.43,pre-vax,pre-vaccine,0,0,0,0,0,0,1,0,0,0,0,0,0,1,0,0.0
2020-09-12,5,0.0,0.0,0,1030.43,988.29,962.43,13.71,11.29,16.14,pre-vax,pre-vaccine,0,0,0,0,0,0,1,1,0,0,0,0,0,1,0,0.0
2020-09-13,6,0.0,0.0,0,984.0,1025.57,968.71,15.43,10.0,18.14,pre-vax,pre-vaccine,0,0,0,0,0,0,1,1,0,0,0,0,0,1,0,0.0
2020-09-14,0,0.0,0.0,0,1000.0,996.71,994.86,15.43,9.13,18.14,pre-vax,pre-vaccine,0,0,0,0,0,0,1,0,0,0,0,0,0,1,0,0.0
2020-09-15,1,0.0,0.0,0,1015.29,970.29,997.14,16.43,10.71,14.14,pre-vax,pre-vaccine,0,0,0,0,0,0,1,0,0,0,0,0,0,1,0,0.0
2020-09-16,2,0.0,0.0,0,1010.0,963.86,1012.0,14.71,11.71,14.29,pre-vax,pre-vaccine,0,0,0,0,0,0,1,0,0,0,0,0,0,1,0,0.0
2020-09-17,3,1.0,1.0,0,990.71,979.57,1012.71,14.57,11.29,13.86,pre-vax,pre-vaccine,0,0,0,0,0,0,1,0,0,0,0,0,0,1,0,1.0
2020-09-18,4,0.0,0.0,0,1008.86,980.14,1026.71,22.43,10.57,11.86,pre-vax,pre-vaccine,0,0,0,0,0,0,1,0,0,0,0,0,0,1,0,0.0
2020-09-19,5,0.0,0.0,0,959.29,1030.43,988.29,20.71,13.71,11.29,pre-vax,pre-vaccine,0,0,0,0,0,0,1,1,0,0,0,0,0,1,0,0.0
2020-09-20,6,0.0,0.0,0,956.71,984.0,1025.57,18.71,15.43,10.0,pre-vax,pre-vaccine,0,0,0,0,0,0,1,1,0,0,0,0,0,1,0,0.0
2020-09-21,0,,0.0,1,938.14,1000.0,996.71,16.75,15.43,9.13,pre-vax,pre-vaccine,0,0,0,0,0,0,1,0,0,0,0,0,0,1,0,0.0
2020-09-22,1,0.0,0.0,0,928.0,1015.29,970.29,15.0,16.43,10.71,pre-vax,pre-vaccine,0,0,0,0,0,0,1,0,0,0,0,0,0,1,0,0.0
2020-09-23,2,0.0,0.0,0,890.14,1010.0,963.86,15.29,14.71,11.71,pre-vax,pre-vaccine,0,0,0,0,0,0,1,0,0,0,0,0,0,1,0,0.0
2020-09-24,3,0.0,0.0,0,861.71,990.71,979.57,14.29,14.57,11.29,pre-vax,pre-vaccine,0,0,0,0,0,0,1,0,0,0,0,0,0,1,0,0.0
2020-09-25,4,0.0,0.0,0,818.71,1008.86,980.14,6.71,22.43,10.57,pre-vax,pre-vaccine,0,0,0,0,0,0,1,0,0,0,0,0,0,1,0,0.0
2020-09-26,5,0.0,0.0,0,821.86,959.29,1030.43,5.29,20.71,13.71,pre-vax,pre-vaccine,0,0,0,0,0,0,1,1,0,0,0,0,0,1,0,0.0
2020-09-27,6,0.0,0.0,0,804.71,956.71,984.0,5.29,18.71,15.43,pre-vax,pre-vaccine,0,0,0,0,0,0,1,1,0,0,0,0,0,1,0,0.0
2020-09-28,0,,0.0,1,779.29,938.14,1000.0,5.14,16.75,15.43,pre-vax,pre-vaccine,0,0,0,0,0,0,1,0,0,0,0,0,0,1,0,0.0
2020-09-29,1,0.0,0.0,0,786.57,928.0,1015.29,5.43,15.0,16.43,pre-vax,pre-vaccine,0,0,0,0,0,0,1,0,0,0,0,0,0,1,0,0.0
2020-09-30,2,0.0,0.0,0,811.57,890.14,1010.0,8.57,15.29,14.71,pre-vax,pre-vaccine,0,0,0,0,0,0,1,0,0,0,0,0,0,1,0,0.0
2020-10-01,3,0.0,0.0,0,747.0,861.71,990.71,8.57,14.29,14.57,pre-vax,pre-vaccine,0,0,0,0,0,0,1,0,0,0,0,0,0,1,0,0.0
2020-10-02,4,0.0,0.0,0,750.57,818.71,1008.86,8.14,6.71,22.43,pre-vax,pre-vaccine,0,0,0,0,0,0,1,0,0,0,0,0,0,1,0,0.0
2020-10-03,5,0.0,0.0,0,770.71,821.86,959.29,8.43,5.29,20.71,pre-vax,pre-vaccine,0,0,0,0,0,0,1,1,0,0,0,0,0,1,0,0.0
2020-10-04,6,,0.0,1,818.0,804.71,956.71,8.57,5.29,18.71,pre-vax,pre-vaccine,0,0,0,0,0,0,1,1,0,0,0,0,0,1,0,0.0
2020-10-05,0,,0.0,1,852.0,779.29,938.14,9.43,5.14,16.75,pre-vax,pre-vaccine,0,0,0,0,0,0,1,0,0,0,0,0,0,1,0,0.0
2020-10-06,1,0.0,0.0,0,809.43,786.57,928.0,9.43,5.43,15.0,pre-vax,pre-vaccine,0,0,0,0,0,0,1,0,0,0,0,0,0,1,0,0.0
2020-10-07,2,1.0,1.0,0,774.29,811.57,890.14,5.71,8.57,15.29,pre-vax,pre-vaccine,0,0,0,0,0,0,1,0,0,0,0,0,0,1,0,1.0
2020-10-08,3,0.0,0.0,0,973.43,747.0,861.71,7.57,8.57,14.29,pre-vax,pre-vaccine,0,0,0,0,0,0,1,0,0,0,0,0,0,1,0,0.0
2020-10-09,4,0.0,0.0,0,994.57,750.57,818.71,7.71,8.14,6.71,pre-vax,pre-vaccine,0,0,0,0,0,0,1,0,0,0,0,0,0,1,0,0.0
2020-10-10,5,0.0,0.0,0,1014.57,770.71,821.86,7.14,8.43,5.29,pre-vax,pre-vaccine,0,0,0,0,0,0,1,1,0,0,0,0,0,1,0,0.0
2020-10-11,6,0.0,0.0,0,978.0,818.0,804.71,6.86,8.57,5.29,pre-vax,pre-vaccine,0,0,0,0,0,0,1,1,0,0,0,0,0,1,0,0.0
2020-10-12,0,0.0,0.0,0,1001.86,852.0,779.29,7.71,9.43,5.14,pre-vax,pre-vaccine,0,0,0,0,0,0,1,0,1,1,0,0,0,1,0,0.0
2020-10-13,1,0.0,0.0,0,1089.0,809.43,786.57,7.29,9.43,5.43,pre-vax,pre-vaccine,0,0,0,0,0,0,1,0,0,0,0,0,0,1,0,0.0
2020-10-14,2,0.0,0.0,0,1131.29,774.29,811.57,9.29,5.71,8.57,pre-vax,pre-vaccine,0,0,0,0,0,0,1,0,0,0,0,0,0,1,0,0.0
2020-10-15,3,0.0,0.0,0,1058.0,973.43,747.0,7.71,7.57,8.57,pre-vax,pre-vaccine,0,0,0,0,0,0,1,0,0,0,0,0,0,1,0,0.0
2020-10-16,4,0.0,0.0,0,1067.86,994.57,750.57,7.86,7.71,8.14,pre-vax,pre-vaccine,0,0,0,0,0,0,1,0,0,0,0,0,0,1,0,0.0
2020-10-17,5,0.0,0.0,0,1047.57,1014.57,770.71,7.29,7.14,8.43,pre-vax,pre-vaccine,0,0,0,0,0,0,1,1,0,0,0,0,0,1,0,0.0
2020-10-18,6,0.0,0.0,0,1060.29,978.0,818.0,7.43,6.86,8.57,pre-vax,pre-vaccine,0,0,0,0,0,0,1,1,0,0,0,0,0,1,0,0.0
2020-10-19,0,0.0,0.0,0,1036.86,1001.86,852.0,6.14,7.71,9.43,pre-vax,pre-vaccine,0,0,0,0,0,0,1,0,0,0,0,0,0,1,0,0.0
2020-10-20,1,1.0,1.0,0,992.71,1089.0,809.43,6.57,7.29,9.43,pre-vax,pre-vaccine,0,0,0,0,0,0,1,0,0,0,0,0,0,1,0,1.0
2020-10-21,2,0.0,0.0,0,1023.14,1131.29,774.29,6.0,9.29,5.71,pre-vax,pre-vaccine,0,0,0,0,0,0,1,0,0,0,0,0,0,1,0,0.0
2020-10-22,3,0.0,0.0,0,1023.29,1058.0,973.43,8.0,7.71,7.57,pre-vax,pre-vaccine,0,0,0,0,0,0,1,0,0,0,0,0,0,1,0,0.0
2020-10-23,4,0.0,0.0,0,1022.86,1067.86,994.57,11.43,7.86,7.71,pre-vax,pre-vaccine,0,0,0,0,0,0,1,0,0,0,0,0,0,1,0,0.0
2020-10-24,5,,0.0,1,1019.14,1047.57,1014.57,11.86,7.29,7.14,pre-vax,pre-vaccine,0,0,0,0,0,0,1,1,0,0,0,0,0,1,0,0.0
2020-10-25,6,0.0,0.0,0,1033.29,1060.29,978.0,13.0,7.43,6.86,pre-vax,pre-vaccine,0,0,0,0,0,0,1,1,0,0,0,0,0,1,0,0.0
2020-10-26,0,0.0,0.0,0,1063.86,1036.86,1001.86,13.57,6.14,7.71,pre-vax,pre-vaccine,0,0,0,0,0,0,1,0,0,0,0,0,0,1,0,0.0
2020-10-27,1,1.0,1.0,0,1093.57,992.71,1089.0,13.43,6.57,7.29,pre-vax,pre-vaccine,0,0,0,0,0,0,1,0,0,0,0,0,0,1,0,1.0
2020-10-28,2,0.0,0.0,0,1140.29,1023.14,1131.29,13.86,6.0,9.29,pre-vax,pre-vaccine,0,0,0,0,0,0,1,0,0,0,0,0,0,1,0,0.0
2020-10-29,3,0.0,0.0,0,1154.14,1023.29,1058.0,12.86,8.0,7.71,pre-vax,pre-vaccine,0,0,0,0,0,0,1,0,0,0,0,0,0,1,0,0.0
2020-10-30,4,0.0,0.0,0,1193.57,1022.86,1067.86,9.29,11.43,7.86,pre-vax,pre-vaccine,0,0,0,0,0,0,1,0,0,0,0,0,0,1,0,0.0
2020-10-31,5,0.0,0.0,0,1259.71,1019.14,1047.57,9.29,11.86,7.29,pre-vax,pre-vaccine,0,0,0,0,0,0,1,1,0,0,0,0,0,1,0,0.0
2020-11-01,6,,0.0,1,1288.71,1033.29,1060.29,7.86,13.0,7.43,pre-vax,pre-vaccine,0,0,0,0,0,0,1,1,0,0,0,0,0,1,0,0.0
2020-11-02,0,0.0,0.0,0,1306.14,1063.86,1036.86,7.43,13.57,6.14,pre-vax,pre-vaccine,0,0,0,0,0,0,1,0,0,0,0,0,0,1,0,0.0
2020-11-03,1,0.0,0.0,0,1324.29,1093.57,992.71,7.29,13.43,6.57,pre-vax,pre-vaccine,0,0,0,0,0,0,1,0,0,0,0,0,0,1,0,0.0
2020-11-04,2,0.0,0.0,0,1297.43,1140.29,1023.14,5.43,13.86,6.0,pre-vax,pre-vaccine,0,0,0,0,0,0,1,0,0,0,0,0,0,1,0,0.0
2020-11-05,3,0.0,0.0,0,1288.43,1154.14,1023.29,5.14,12.86,8.0,pre-vax,pre-vaccine,0,0,0,0,0,0,1,0,0,0,0,0,0,1,0,0.0
2020-11-06,4,0.0,0.0,0,1304.43,1193.57,1022.86,6.29,9.29,11.43,pre-vax,pre-vaccine,0,0,0,0,0,0,1,0,0,0,0,0,0,1,0,0.0
2020-11-07,5,0.0,0.0,0,1383.29,1259.71,1019.14,7.86,9.29,11.86,pre-vax,pre-vaccine,0,0,0,0,0,0,1,1,0,0,0,0,0,1,0,0.0
2020-11-08,6,0.0,0.0,0,1397.57,1288.71,1033.29,8.71,7.86,13.0,pre-vax,pre-vaccine,0,0,0,0,0,0,1,1,0,0,0,0,0,1,0,0.0
2020-11-09,0,0.0,0.0,0,1437.0,1306.14,1063.86,8.43,7.43,13.57,pre-vax,pre-vaccine,0,0,0,0,0,0,1,0,0,0,0,0,0,1,0,0.0
2020-11-10,1,,1.0,1,1461.86,1324.29,1093.57,9.71,7.29,13.43,pre-vax,pre-vaccine,0,0,0,0,0,0,1,0,0,0,0,0,0,1,0,0.0
2020-11-11,2,0.0,0.0,0,1524.29,1297.43,1140.29,10.86,5.43,13.86,pre-vax,pre-vaccine,0,0,0,0,0,0,1,0,1,1,0,0,0,1,0,0.0
2020-11-12,3,0.0,0.0,0,1546.43,1288.43,1154.14,11.0,5.14,12.86,pre-vax,pre-vaccine,0,0,0,0,0,0,1,0,0,0,0,0,0,1,0,0.0
2020-11-13,4,,0.0,1,1498.86,1304.43,1193.57,9.29,6.29,9.29,pre-vax,pre-vaccine,0,0,0,0,0,0,1,0,0,0,0,0,0,1,0,0.0
2020-11-14,5,,0.0,1,1418.0,1383.29,1259.71,8.43,7.86,9.29,pre-vax,pre-vaccine,0,0,0,0,0,0,1,1,0,0,0,0,0,1,0,0.0
2020-11-15,6,0.0,0.0,0,1397.86,1397.57,1288.71,10.14,8.71,7.86,pre-vax,pre-vaccine,0,0,0,0,0,0,1,1,0,0,0,0,0,1,0,0.0
2020-11-16,0,0.0,0.0,0,1594.29,1437.0,1306.14,13.0,8.43,7.43,pre-vax,pre-vaccine,0,0,0,0,0,0,1,0,0,0,0,0,0,1,0,0.0
2020-11-17,1,0.0,0.0,0,1692.86,1461.86,1324.29,12.0,9.71,7.29,pre-vax,pre-vaccine,0,0,0,0,0,0,1,0,0,0,0,0,0,1,0,0.0
2020-11-18,2,0.0,0.0,0,1761.0,1524.29,1297.43,11.29,10.86,5.43,pre-vax,pre-vaccine,0,0,0,0,0,0,1,0,0,0,0,0,0,1,0,0.0
2020-11-19,3,0.0,0.0,0,1822.86,1546.43,1288.43,10.57,11.0,5.14,pre-vax,pre-vaccine,0,0,0,0,0,0,1,0,0,0,0,0,0,1,0,0.0
2020-11-20,4,0.0,0.0,0,2009.86,1498.86,1304.43,12.29,9.29,6.29,pre-vax,pre-vaccine,0,0,0,0,0,0,1,0,0,0,0,0,0,1,0,0.0
2020-11-21,5,0.0,0.0,0,2125.71,1418.0,1383.29,12.86,8.43,7.86,pre-vax,pre-vaccine,0,0,0,0,0,0,1,1,0,0,0,0,0,1,0,0.0
2020-11-22,6,0.0,0.0,0,2262.29,1397.86,1397.57,13.43,10.14,8.71,pre-vax,pre-vaccine,0,0,0,0,0,0,1,1,0,0,0,0,0,1,0,0.0
2020-11-23,0,0.0,0.0,0,2343.0,1594.29,1437.0,13.43,13.0,8.43,pre-vax,pre-vaccine,0,0,0,0,0,0,1,0,0,0,0,0,0,1,0,0.0
2020-11-24,1,0.0,0.0,0,2402.86,1692.86,1461.86,14.43,12.0,9.71,pre-vax,pre-vaccine,0,0,0,0,0,0,1,0,0,0,0,0,0,1,0,0.0
2020-11-25,2,0.0,0.0,0,2495.29,1761.0,1524.29,15.0,11.29,10.86,pre-vax,pre-vaccine,0,0,0,0,0,0,1,0,0,0,0,0,0,1,0,0.0
2020-11-26,3,0.0,0.0,0,2587.57,1822.86,1546.43,16.71,10.57,11.0,pre-vax,pre-vaccine,0,0,0,0,0,0,1,0,1,1,0,0,0,1,0,0.0
2020-11-27,4,0.0,0.0,0,2444.71,2009.86,1498.86,16.71,12.29,9.29,pre-vax,pre-vaccine,0,0,0,0,0,0,1,0,0,1,0,0,0,1,0,0.0
2020-11-28,5,0.0,0.0,0,2562.57,2125.71,1418.0,17.29,12.86,8.43,pre-vax,pre-vaccine,0,0,0,0,0,0,1,1,0,0,0,0,0,1,0,0.0
2020-11-29,6,0.0,0.0,0,2592.29,2262.29,1397.86,14.57,13.43,10.14,pre-vax,pre-vaccine,0,0,0,0,0,0,1,1,0,0,0,0,0,1,0,0.0
2020-11-30,0,,0.0,1,2399.57,2343.0,1594.29,12.43,13.43,13.0,pre-vax,pre-vaccine,0,0,0,0,0,0,1,0,0,0,0,0,0,1,0,0.0
2020-12-01,1,0.0,0.0,0,2354.43,2402.86,1692.86,12.57,14.43,12.0,pre-vax,pre-vaccine,0,0,0,0,0,0,1,0,0,0,0,0,0,1,0,0.0
2020-12-02,2,0.0,0.0,0,2311.43,2495.29,1761.0,14.0,15.0,11.29,pre-vax,pre-vaccine,0,0,0,0,0,0,1,0,0,0,0,0,0,1,0,0.0
2020-12-03,3,0.0,0.0,0,2229.0,2587.57,1822.86,12.86,16.71,10.57,pre-vax,pre-vaccine,0,0,0,0,0,0,1,0,0,0,0,0,0,1,0,0.0
2020-12-04,4,,0.0,1,2419.43,2444.71,2009.86,12.29,16.71,12.29,pre-vax,pre-vaccine,0,0,0,0,0,0,1,0,0,0,0,0,0,1,0,0.0
2020-12-05,5,,0.0,1,2508.0,2562.57,2125.71,15.71,17.29,12.86,pre-vax,pre-vaccine,0,0,0,0,0,0,1,1,0,0,0,0,0,1,0,0.0
2020-12-06,6,0.0,0.0,0,2730.14,2592.29,2262.29,20.86,14.57,13.43,pre-vax,pre-vaccine,0,0,0,0,0,0,1,1,0,0,0,0,0,1,0,0.0
2020-12-07,0,0.0,0.0,0,3005.0,2399.57,2343.0,25.43,12.43,13.43,pre-vax,pre-vaccine,0,0,0,0,0,0,1,0,0,0,0,0,0,1,0,0.0
2020-12-08,1,1.0,1.0,0,3238.14,2354.43,2402.86,27.71,12.57,14.43,pre-vax,pre-vaccine,0,0,0,0,0,0,1,0,0,0,0,0,0,1,0,1.0
2020-12-09,2,0.0,0.0,0,3521.14,2311.43,2495.29,28.71,14.0,15.0,pre-vax,pre-vaccine,0,0,0,0,0,0,1,0,0,0,0,0,0,1,0,0.0
2020-12-10,3,0.0,0.0,0,3791.43,2229.0,2587.57,33.43,12.86,16.71,pre-vax,pre-vaccine,0,0,0,0,0,0,1,0,0,0,0,0,0,1,0,0.0
2020-12-11,4,0.0,0.0,0,3865.43,2419.43,2444.71,36.14,12.29,16.71,pre-vax,pre-vaccine,0,0,0,0,0,0,1,0,0,0,0,0,0,1,0,0.0
2020-12-12,5,0.0,0.0,0,3920.29,2508.0,2562.57,35.43,15.71,17.29,pre-vax,pre-vaccine,0,0,0,0,0,0,1,1,0,0,0,0,0,1,0,0.0
2020-12-13,6,0.0,0.0,0,3836.57,2730.14,2592.29,36.29,20.86,14.57,pre-vax,pre-vaccine,0,0,0,0,0,0,1,1,0,0,0,0,0,1,0,0.0
2020-12-14,0,0.0,0.0,0,3754.14,3005.0,2399.57,34.71,25.43,12.43,pre-vax,pre-vaccine,0,0,0,0,0,0,1,0,0,0,0,0,0,1,0,0.0
2020-12-15,1,0.0,0.0,0,3654.14,3238.14,2354.43,33.14,27.71,12.57,pre-vax,pre-vaccine,0,0,0,0,0,0,1,0,0,0,0,0,0,1,0,0.0
2020-12-16,2,,0.0,1,3587.43,3521.14,2311.43,34.57,28.71,14.0,pre-vax,pre-vaccine,0,0,0,0,0,0,1,0,0,0,0,0,0,1,0,0.0
2020-12-17,3,0.0,0.0,0,3578.57,3791.43,2229.0,34.57,33.43,12.86,pre-vax,pre-vaccine,0,0,0,0,0,0,1,0,0,0,0,0,0,1,0,0.0
2020-12-18,4,0.0,0.0,0,3564.29,3865.43,2419.43,35.86,36.14,12.29,pre-vax,pre-vaccine,0,0,0,0,0,0,1,0,0,0,0,0,0,1,0,0.0
2020-12-19,5,0.0,0.0,0,3479.57,3920.29,2508.0,40.0,35.43,15.71,pre-vax,pre-vaccine,0,0,0,0,0,0,1,1,0,0,0,0,0,1,0,0.0
2020-12-20,6,0.0,0.0,0,3562.71,3836.57,2730.14,43.14,36.29,20.86,pre-vax,pre-vaccine,0,0,0,0,0,0,1,1,0,0,0,0,0,1,0,0.0
2020-12-21,0,0.0,0.0,0,3677.29,3754.14,3005.0,46.29,34.71,25.43,pre-vax,pre-vaccine,0,0,0,0,0,0,1,0,0,0,0,0,0,1,0,0.0
2020-12-22,1,0.0,0.0,0,3738.86,3654.14,3238.14,49.86,33.14,27.71,pre-vax,pre-vaccine,0,0,0,0,0,0,1,0,0,0,0,0,0,1,0,0.0
2020-12-23,2,0.0,0.0,0,3841.86,3587.43,3521.14,52.57,34.57,28.71,pre-vax,pre-vaccine,0,0,0,0,0,0,1,0,0,0,0,0,0,1,0,0.0
2020-12-24,3,0.0,0.0,0,3974.57,3578.57,3791.43,58.0,34.57,33.43,pre-vax,pre-vaccine,0,0,0,0,0,0,1,0,0,0,0,0,0,1,0,0.0
2020-12-25,4,,0.0,1,4086.43,3564.29,3865.43,60.29,35.86,36.14,pre-vax,pre-vaccine,0,0,0,0,0,0,1,0,1,1,0,0,0,1,0,0.0
2020-12-26,5,,0.0,1,3800.71,3479.57,3920.29,52.43,40.0,35.43,pre-vax,pre-vaccine,0,0,0,0,0,0,1,1,0,0,0,0,0,1,0,0.0
2020-12-27,6,0.0,0.0,0,3818.29,3562.71,3836.57,57.14,43.14,36.29,pre-vax,pre-vaccine,0,0,0,0,0,0,1,1,0,0,0,0,0,1,0,0.0
2020-12-28,0,0.0,0.0,0,3612.14,3677.29,3754.14,55.71,46.29,34.71,pre-vax,pre-vaccine,0,0,0,0,0,0,1,0,1,1,0,0,0,1,0,0.0
2020-12-29,1,0.0,0.0,0,3688.0,3738.86,3654.14,57.0,49.86,33.14,pre-vax,pre-vaccine,0,0,0,0,0,0,1,0,1,1,0,0,0,1,0,0.0
2020-12-30,2,0.0,0.0,0,3601.71,3841.86,3587.43,53.71,52.57,34.57,pre-vax,pre-vaccine,0,0,0,0,0,0,1,0,1,1,0,0,0,1,0,0.0
2020-12-31,3,,0.0,1,3667.0,3974.57,3578.57,55.86,58.0,34.57,pre-vax,early-vaccine,1,0,0,0,0,0,0,0,1,1,0,0,0,1,0,0.0
2021-01-01,4,,0.0,1,3824.71,4086.43,3564.29,51.86,60.29,35.86,pre-vax,early-vaccine,1,0,0,0,0,0,0,0,1,1,0,0,0,1,0,0.0
2021-01-02,5,,0.0,1,4168.29,3800.71,3479.57,59.29,52.43,40.0,pre-vax,early-vaccine,1,0,0,0,0,0,0,1,0,0,0,0,0,1,0,0.0
2021-01-03,6,,0.0,1,4312.71,3818.29,3562.71,56.86,57.14,43.14,pre-vax,early-vaccine,1,0,0,0,0,0,0,1,0,0,0,0,0,1,0,0.0
2021-01-04,0,0.0,0.0,0,4480.14,3612.14,3677.29,64.29,55.71,46.29,pre-vax,early-vaccine,1,0,0,0,0,0,0,0,0,0,0,0,0,1,0,0.0
2021-01-05,1,0.0,0.0,0,4516.57,3688.0,3738.86,61.43,57.0,49.86,pre-vax,early-vaccine,1,0,0,0,0,0,0,0,0,0,0,0,0,1,0,0.0
2021-01-06,2,0.0,0.0,0,4707.86,3601.71,3841.86,67.71,53.71,52.57,pre-vax,early-vaccine,1,0,0,0,0,0,0,0,0,0,0,0,0,1,0,0.0
2021-01-07,3,0.0,0.0,0,4727.86,3667.0,3974.57,68.0,55.86,58.0,pre-vax,early-vaccine,1,0,0,0,0,0,0,0,0,0,0,0,0,1,0,0.0
2021-01-08,4,0.0,0.0,0,4735.86,3824.71,4086.43,75.71,51.86,60.29,pre-vax,early-vaccine,1,0,0,0,0,0,0,0,0,0,0,0,0,1,0,0.0
2021-01-09,5,,0.0,1,4994.29,4168.29,3800.71,84.0,59.29,52.43,pre-vax,early-vaccine,1,0,0,0,0,0,0,1,0,0,0,0,0,1,0,0.0
2021-01-10,6,0.0,0.0,0,5013.0,4312.71,3818.29,76.57,56.86,57.14,pre-vax,early-vaccine,1,0,0,0,0,0,0,1,0,0,0,0,0,1,0,0.0
2021-01-11,0,0.0,0.0,0,5121.43,4480.14,3612.14,79.0,64.29,55.71,pre-vax,early-vaccine,1,0,0,0,0,0,0,0,0,0,0,0,0,1,0,0.0
2021-01-12,1,0.0,0.0,0,5147.71,4516.57,3688.0,81.57,61.43,57.0,pre-vax,early-vaccine,1,0,0,0,0,0,0,0,0,0,0,0,0,1,0,0.0
2021-01-13,2,,0.0,1,5035.0,4707.86,3601.71,81.0,67.71,53.71,pre-vax,early-vaccine,1,0,0,0,0,0,0,0,0,0,0,0,0,1,0,0.0
2021-01-14,3,0.0,0.0,0,5022.86,4727.86,3667.0,75.14,68.0,55.86,pre-vax,early-vaccine,1,0,0,0,0,0,0,0,0,0,0,0,0,1,0,0.0
2021-01-15,4,0.0,0.0,0,4959.57,4735.86,3824.71,67.29,75.71,51.86,pre-vax,early-vaccine,1,0,0,0,0,0,0,0,0,0,0,0,0,1,0,0.0
2021-01-16,5,0.0,0.0,0,5096.57,4994.29,4168.29,64.14,84.0,59.29,pre-vax,early-vaccine,1,0,0,0,0,0,0,1,0,0,0,0,0,1,0,0.0
2021-01-17,6,,0.0,1,5778.43,5013.0,4312.71,69.57,76.57,56.86,pre-vax,early-vaccine,1,0,0,0,0,0,0,1,0,0,0,0,0,1,0,0.0
2021-01-18,0,0.0,0.0,0,6166.29,5121.43,4480.14,66.86,79.0,64.29,pre-vax,early-vaccine,1,0,0,0,0,0,0,0,1,1,0,0,0,1,0,0.0
2021-01-19,1,0.0,0.0,0,6161.29,5147.71,4516.57,69.57,81.57,61.43,pre-vax,early-vaccine,1,0,0,0,0,0,0,0,0,0,0,0,0,1,0,0.0
2021-01-20,2,,0.0,1,6149.43,5035.0,4707.86,70.29,81.0,67.71,pre-vax,early-vaccine,1,0,0,0,0,0,0,0,0,0,0,0,0,1,0,0.0
2021-01-21,3,,0.0,1,5966.43,5022.86,4727.86,67.86,75.14,68.0,pre-vax,early-vaccine,1,0,0,0,0,0,0,0,0,0,0,0,0,1,0,0.0
2021-01-22,4,1.0,1.0,0,5873.86,4959.57,4735.86,68.86,67.29,75.71,pre-vax,early-vaccine,1,0,0,0,0,0,0,0,0,0,0,0,0,1,0,1.0
2021-01-23,5,0.0,0.0,0,5609.14,5096.57,4994.29,67.14,64.14,84.0,pre-vax,early-vaccine,1,0,0,0,0,0,0,1,0,0,0,0,0,1,0,0.0
2021-01-24,6,0.0,0.0,0,4734.57,5778.43,5013.0,61.29,69.57,76.57,pre-vax,early-vaccine,1,0,0,0,0,0,0,1,0,0,0,0,0,1,0,0.0
2021-01-25,0,0.0,0.0,0,4581.29,6166.29,5121.43,58.14,66.86,79.0,pre-vax,early-vaccine,1,0,0,0,0,0,0,0,0,0,0,0,0,1,0,0.0
2021-01-26,1,,0.0,1,4607.14,6161.29,5147.71,55.86,69.57,81.57,pre-vax,early-vaccine,1,0,0,0,0,0,0,0,0,0,0,0,0,1,0,0.0
2021-01-27,2,0.0,0.0,0,4708.86,6149.43,5035.0,54.0,70.29,81.0,pre-vax,early-vaccine,1,0,0,0,0,0,0,0,0,0,0,0,0,1,0,0.0
2021-01-28,3,0.0,0.0,0,4867.14,5966.43,5022.86,62.57,67.86,75.14,pre-vax,early-vaccine,1,0,0,0,0,0,0,0,0,0,0,0,0,1,0,0.0
2021-01-29,4,,0.0,1,4880.14,5873.86,4959.57,65.71,68.86,67.29,pre-vax,early-vaccine,1,0,0,0,0,0,0,0,0,0,0,0,0,1,0,0.0
2021-01-30,5,0.0,0.0,0,4795.14,5609.14,5096.57,59.0,67.14,64.14,pre-vax,early-vaccine,1,0,0,0,0,0,0,1,0,0,0,0,0,1,0,0.0
2021-01-31,6,0.0,0.0,0,4618.86,4734.57,5778.43,57.43,61.29,69.57,pre-vax,early-vaccine,1,0,0,0,0,0,0,1,0,0,0,0,0,1,0,0.0
2021-02-01,0,0.0,0.0,0,4145.86,4581.29,6166.29,52.14,58.14,66.86,pre-vax,early-vaccine,1,0,0,0,0,0,0,0,0,0,0,0,0,1,0,0.0
2021-02-02,1,,0.0,1,3864.86,4607.14,6161.29,50.57,55.86,69.57,pre-vax,early-vaccine,1,0,0,0,0,0,0,0,0,0,0,0,0,1,0,0.0
2021-02-03,2,,0.0,1,3540.86,4708.86,6149.43,49.57,54.0,70.29,pre-vax,early-vaccine,1,0,0,0,0,0,0,0,0,0,0,0,0,1,0,0.0
2021-02-04,3,,0.0,1,3246.29,4867.14,5966.43,50.14,62.57,67.86,pre-vax,early-vaccine,1,0,0,0,0,0,0,0,0,0,0,0,0,1,0,0.0
2021-02-05,4,0.0,0.0,0,3365.0,4880.14,5873.86,49.14,65.71,68.86,pre-vax,early-vaccine,1,0,0,0,0,0,0,0,0,0,0,0,0,1,0,0.0
2021-02-06,5,0.0,0.0,0,3422.14,4795.14,5609.14,55.43,59.0,67.14,pre-vax,early-vaccine,1,0,0,0,0,0,0,1,0,0,0,0,0,1,0,0.0
2021-02-07,6,,0.0,1,3478.0,4618.86,4734.57,55.43,57.43,61.29,pre-vax,early-vaccine,1,0,0,0,0,0,0,1,0,0,0,0,0,1,0,0.0
2021-02-08,0,0.0,0.0,0,3312.14,4145.86,4581.29,51.71,52.14,58.14,pre-vax,early-vaccine,1,0,0,0,0,0,0,0,0,0,0,0,0,1,0,0.0
2021-02-09,1,0.0,0.0,0,3390.86,3864.86,4607.14,57.57,50.57,55.86,pre-vax,early-vaccine,1,0,0,0,0,0,0,0,0,0,0,0,0,1,0,0.0
2021-02-10,2,,0.0,1,3425.71,3540.86,4708.86,54.29,49.57,54.0,pre-vax,early-vaccine,1,0,0,0,0,0,0,0,0,0,0,0,0,1,0,0.0
2021-02-11,3,,0.0,1,3517.14,3246.29,4867.14,44.0,50.14,62.57,pre-vax,early-vaccine,1,0,0,0,0,0,0,0,0,0,0,0,0,1,0,0.0
2021-02-12,4,,0.0,1,3248.86,3365.0,4880.14,44.71,49.14,65.71,pre-vax,early-vaccine,1,0,0,0,0,0,0,0,0,0,0,0,0,1,0,0.0
2021-02-13,5,0.0,0.0,0,3035.43,3422.14,4795.14,37.43,55.43,59.0,pre-vax,early-vaccine,1,0,0,0,0,0,0,1,0,0,0,0,0,1,0,0.0
2021-02-14,6,0.0,0.0,0,2982.0,3478.0,4618.86,40.29,55.43,57.43,during,early-vaccine,1,0,0,0,0,0,0,1,0,0,1,0,0,0,0,0.0
2021-02-15,0,0.0,0.0,0,2959.0,3312.14,4145.86,44.71,51.71,52.14,during,early-vaccine,1,0,0,0,0,0,0,0,1,1,1,0,0,0,0,0.0
2021-02-16,1,0.0,0.0,0,2741.71,3390.86,3864.86,37.0,57.57,50.57,during,early-vaccine,1,0,0,0,0,0,0,0,0,0,1,0,0,0,0,0.0
2021-02-17,2,,0.0,1,2610.43,3425.71,3540.86,42.0,54.29,49.57,during,early-vaccine,1,0,0,0,0,0,0,0,0,0,1,0,0,0,0,0.0
2021-02-18,3,0.0,0.0,0,2411.14,3517.14,3246.29,44.43,44.0,50.14,during,early-vaccine,1,0,0,0,0,0,0,0,0,0,1,0,0,0,0,0.0
2021-02-19,4,,0.0,1,2245.86,3248.86,3365.0,41.43,44.71,49.14,during,early-vaccine,1,0,0,0,0,0,0,0,0,0,1,0,0,0,0,0.0
2021-02-20,5,0.0,0.0,0,2055.43,3035.43,3422.14,41.86,37.43,55.43,during,early-vaccine,1,0,0,0,0,0,0,1,0,0,1,0,0,0,0,0.0
2021-02-21,6,0.0,0.0,0,2016.57,2982.0,3478.0,40.71,40.29,55.43,during,early-vaccine,1,0,0,0,0,0,0,1,0,0,1,0,0,0,0,0.0
2021-02-22,0,0.0,0.0,0,1961.71,2959.0,3312.14,38.29,44.71,51.71,during,early-vaccine,1,0,0,0,0,0,0,0,0,0,1,0,0,0,0,0.0
2021-02-23,1,0.0,0.0,0,1961.57,2741.71,3390.86,37.57,37.0,57.57,during,early-vaccine,1,0,0,0,0,0,0,0,0,0,1,0,0,0,0,0.0
2021-02-24,2,,0.0,1,1907.71,2610.43,3425.71,32.57,42.0,54.29,during,early-vaccine,1,0,0,0,0,0,0,0,0,0,1,0,0,0,0,0.0
2021-02-25,3,,0.0,1,1869.43,2411.14,3517.14,27.71,44.43,44.0,during,early-vaccine,1,0,0,0,0,0,0,0,0,0,1,0,0,0,0,0.0
2021-02-26,4,0.0,0.0,0,1815.57,2245.86,3248.86,27.0,41.43,44.71,during,early-vaccine,1,0,0,0,0,0,0,0,0,0,1,0,0,0,0,0.0
2021-02-27,5,,0.0,1,1786.0,2055.43,3035.43,25.14,41.86,37.43,during,early-vaccine,1,0,0,0,0,0,0,1,0,0,1,0,0,0,0,0.0
2021-02-28,6,0.0,0.0,0,1705.0,2016.57,2982.0,23.43,40.71,40.29,during,early-vaccine,1,0,0,0,0,0,0,1,0,0,1,0,0,0,0,0.0
2021-03-01,0,0.0,0.0,0,1700.57,1961.71,2959.0,23.14,38.29,44.71,during,early-vaccine,1,0,0,0,0,0,0,0,0,0,1,0,0,0,0,0.0
2021-03-02,1,0.0,0.0,0,1645.71,1961.57,2741.71,22.14,37.57,37.0,during,early-vaccine,1,0,0,0,0,0,0,0,0,0,1,0,0,0,0,0.0
2021-03-03,2,0.0,0.0,0,1594.57,1907.71,2610.43,24.71,32.57,42.0,during,early-vaccine,1,0,0,0,0,0,0,0,0,0,1,0,0,0,0,0.0
2021-03-04,3,0.0,0.0,0,1489.43,1869.43,2411.14,24.14,27.71,44.43,during,early-vaccine,1,0,0,0,0,0,0,0,0,0,1,0,0,0,0,0.0
2021-03-05,4,0.0,0.0,0,1488.71,1815.57,2245.86,23.57,27.0,41.43,during,early-vaccine,1,0,0,0,0,0,0,0,0,0,1,0,0,0,0,0.0
2021-03-06,5,0.0,0.0,0,1460.43,1786.0,2055.43,23.86,25.14,41.86,during,early-vaccine,1,0,0,0,0,0,0,1,0,0,1,0,0,0,0,0.0
2021-03-07,6,0.0,0.0,0,1378.57,1705.0,2016.57,22.57,23.43,40.71,during,early-vaccine,1,0,0,0,0,0,0,1,0,0,1,0,0,0,0,0.0
2021-03-08,0,0.0,0.0,0,1345.43,1700.57,1961.71,20.86,23.14,38.29,during,early-vaccine,1,0,0,0,0,0,0,0,0,0,1,0,0,0,0,0.0
2021-03-09,1,0.0,0.0,0,1367.14,1645.71,1961.57,23.71,22.14,37.57,during,early-vaccine,1,0,0,0,0,0,0,0,0,0,1,0,0,0,0,0.0
2021-03-10,2,0.0,0.0,0,1323.86,1594.57,1907.71,20.29,24.71,32.57,during,early-vaccine,1,0,0,0,0,0,0,0,0,0,1,0,0,0,0,0.0
2021-03-11,3,0.0,0.0,0,1316.71,1489.43,1869.43,21.43,24.14,27.71,during,early-vaccine,1,0,0,0,0,0,0,0,0,0,1,0,0,0,0,0.0
2021-03-12,4,0.0,0.0,0,1307.71,1488.71,1815.57,22.43,23.57,27.0,during,early-vaccine,1,0,0,0,0,0,0,0,0,0,1,0,0,0,0,0.0
2021-03-13,5,0.0,0.0,0,1289.29,1460.43,1786.0,22.57,23.86,25.14,during,early-vaccine,1,0,0,0,0,0,0,1,0,0,1,0,0,0,0,0.0
2021-03-14,6,0.0,0.0,0,1290.71,1378.57,1705.0,23.14,22.57,23.43,during,early-vaccine,1,0,0,0,0,0,0,1,0,0,1,0,0,0,0,0.0
2021-03-15,0,,0.0,1,1324.71,1345.43,1700.57,24.43,20.86,23.14,during,early-vaccine,1,0,0,0,0,0,0,0,0,0,1,0,0,0,0,0.0
2021-03-16,1,0.0,0.0,0,1287.43,1367.14,1645.71,21.43,23.71,22.14,during,early-vaccine,1,0,0,0,0,0,0,0,0,0,1,0,0,0,0,0.0
2021-03-17,2,0.0,0.0,0,1299.0,1323.86,1594.57,20.29,20.29,24.71,during,early-vaccine,1,0,0,0,0,0,0,0,0,0,1,0,0,0,0,0.0
2021-03-18,3,0.0,0.0,0,1417.86,1316.71,1489.43,22.29,21.43,24.14,during,early-vaccine,1,0,0,0,0,0,0,0,0,0,1,0,0,0,0,0.0
2021-03-19,4,0.0,0.0,0,1424.0,1307.71,1488.71,20.0,22.43,23.57,during,early-vaccine,1,0,0,0,0,0,0,0,0,0,1,0,0,0,0,0.0
2021-03-20,5,,0.0,1,1455.14,1289.29,1460.43,21.0,22.57,23.86,during,early-vaccine,1,0,0,0,0,0,0,1,0,0,1,0,0,0,0,0.0
2021-03-21,6,0.0,0.0,0,1453.29,1290.71,1378.57,22.14,23.14,22.57,during,early-vaccine,1,0,0,0,0,0,0,1,0,0,1,0,0,0,0,0.0
2021-03-22,0,0.0,0.0,0,1443.43,1324.71,1345.43,22.14,24.43,20.86,during,early-vaccine,1,0,0,0,0,0,0,0,0,0,1,0,0,0,0,0.0
2021-03-23,1,0.0,0.0,0,1441.86,1287.43,1367.14,22.57,21.43,23.71,during,early-vaccine,1,0,0,0,0,0,0,0,0,0,1,0,0,0,0,0.0
2021-03-24,2,0.0,0.0,0,1462.29,1299.0,1323.86,22.29,20.29,20.29,during,early-vaccine,1,0,0,0,0,0,0,0,0,0,1,0,0,0,0,0.0
2021-03-25,3,1.0,1.0,0,1387.57,1417.86,1316.71,20.29,22.29,21.43,during,early-vaccine,1,0,0,0,0,0,0,0,0,0,1,0,0,0,0,1.0
2021-03-26,4,0.0,0.0,0,1411.43,1424.0,1307.71,21.86,20.0,22.43,during,early-vaccine,1,0,0,0,0,0,0,0,0,0,1,0,0,0,0,0.0
2021-03-27,5,0.0,0.0,0,1460.86,1455.14,1289.29,20.43,21.0,22.57,during,early-vaccine,1,0,0,0,0,0,0,1,0,0,1,0,0,0,0,0.0
2021-03-28,6,0.0,0.0,0,1494.0,1453.29,1290.71,20.86,22.14,23.14,during,early-vaccine,1,0,0,0,0,0,0,1,0,0,1,0,0,0,0,0.0
2021-03-29,0,0.0,0.0,0,1505.71,1443.43,1324.71,20.14,22.14,24.43,during,early-vaccine,1,0,0,0,0,0,0,0,0,0,1,0,0,0,0,0.0
2021-03-30,1,0.0,0.0,0,1529.57,1441.86,1287.43,20.14,22.57,21.43,during,early-vaccine,1,0,0,0,0,0,0,0,0,0,1,0,0,0,0,0.0
2021-03-31,2,0.0,0.0,0,1467.43,1462.29,1299.0,20.57,22.29,20.29,during,early-vaccine,1,0,0,0,0,0,0,0,0,0,1,0,0,0,0,0.0
2021-04-01,3,1.0,1.0,0,1505.43,1387.57,1417.86,20.0,20.29,22.29,during,early-vaccine,1,0,0,0,0,0,0,0,0,0,1,0,0,0,0,1.0
2021-04-02,4,,0.0,1,1468.14,1411.43,1424.0,18.29,21.86,20.0,during,early-vaccine,1,0,0,0,0,0,0,0,0,0,1,0,0,0,0,0.0
2021-04-03,5,,0.0,1,1415.29,1460.86,1455.14,18.29,20.43,21.0,during,early-vaccine,1,0,0,0,0,0,0,1,0,0,1,0,0,0,0,0.0
2021-04-04,6,,0.0,1,1397.43,1494.0,1453.29,17.71,20.86,22.14,during,early-vaccine,1,0,0,0,0,0,0,1,0,0,1,0,0,0,0,0.0
2021-04-05,0,,0.0,1,1380.29,1505.71,1443.43,17.43,20.14,22.14,during,early-vaccine,1,0,0,0,0,0,0,0,0,0,1,0,0,0,0,0.0
2021-04-06,1,1.0,1.0,0,1380.57,1529.57,1441.86,18.71,20.14,22.57,during,early-vaccine,1,0,0,0,0,0,0,0,0,0,1,0,0,0,0,1.0
2021-04-07,2,1.0,1.0,0,1454.14,1467.43,1462.29,20.0,20.57,22.29,during,early-vaccine,1,0,0,0,0,0,0,0,0,0,1,0,0,0,0,1.0
2021-04-08,3,1.0,1.0,0,1468.86,1505.43,1387.57,20.57,20.0,20.29,during,early-vaccine,1,0,0,0,0,0,0,0,0,0,1,0,0,0,0,1.0
2021-04-09,4,0.0,0.0,0,1469.43,1468.14,1411.43,21.71,18.29,21.86,during,early-vaccine,1,0,0,0,0,0,0,0,0,0,1,0,0,0,0,0.0
2021-04-10,5,0.0,0.0,0,1492.0,1415.29,1460.86,22.43,18.29,20.43,during,early-vaccine,1,0,0,0,0,0,0,1,0,0,1,0,0,0,0,0.0
2021-04-11,6,0.0,0.0,0,1486.29,1397.43,1494.0,21.86,17.71,20.86,during,early-vaccine,1,0,0,0,0,0,0,1,0,0,1,0,0,0,0,0.0
2021-04-12,0,0.0,0.0,0,1527.29,1380.29,1505.71,23.57,17.43,20.14,during,early-vaccine,1,0,0,0,0,0,0,0,0,0,1,0,0,0,0,0.0
2021-04-13,1,0.0,0.0,0,1615.0,1380.57,1529.57,21.57,18.71,20.14,during,early-vaccine,1,0,0,0,0,0,0,0,0,0,1,0,0,0,0,0.0
2021-04-14,2,0.0,0.0,0,1579.43,1454.14,1467.43,19.86,20.0,20.57,during,early-vaccine,1,0,0,0,0,0,0,0,0,0,1,0,0,0,0,0.0
2021-04-15,3,0.0,0.0,0,1506.14,1468.86,1505.43,19.43,20.57,20.0,during,early-vaccine,1,0,0,0,0,0,0,0,0,0,1,0,0,0,0,0.0
2021-04-16,4,0.0,0.0,0,1513.57,1469.43,1468.14,19.86,21.71,18.29,during,early-vaccine,1,0,0,0,0,0,0,0,0,0,1,0,0,0,0,0.0
2021-04-17,5,0.0,0.0,0,1500.43,1492.0,1415.29,19.14,22.43,18.29,during,early-vaccine,1,0,0,0,0,0,0,1,0,0,1,0,0,0,0,0.0
2021-04-18,6,0.0,0.0,0,1511.57,1486.29,1397.43,19.71,21.86,17.71,during,early-vaccine,1,0,0,0,0,0,0,1,0,0,1,0,0,0,0,0.0
2021-04-19,0,0.0,0.0,0,1464.14,1527.29,1380.29,17.86,23.57,17.43,during,early-vaccine,1,0,0,0,0,0,0,0,0,0,1,0,0,0,0,0.0
2021-04-20,1,0.0,0.0,0,1348.14,1615.0,1380.57,17.43,21.57,18.71,during,early-vaccine,1,0,0,0,0,0,0,0,0,0,1,0,0,0,0,0.0
2021-04-21,2,0.0,0.0,0,1342.43,1579.43,1454.14,17.14,19.86,20.0,during,early-vaccine,1,0,0,0,0,0,0,0,0,0,1,0,0,0,0,0.0
2021-04-22,3,0.0,0.0,0,1336.43,1506.14,1468.86,16.71,19.43,20.57,during,early-vaccine,1,0,0,0,0,0,0,0,0,0,1,0,0,0,0,0.0
2021-04-23,4,0.0,0.0,0,1300.14,1513.57,1469.43,15.86,19.86,21.71,during,early-vaccine,1,0,0,0,0,0,0,0,0,0,1,0,0,0,0,0.0
2021-04-24,5,0.0,0.0,0,1214.0,1500.43,1492.0,15.0,19.14,22.43,during,early-vaccine,1,0,0,0,0,0,0,1,0,0,1,0,0,0,0,0.0
2021-04-25,6,0.0,0.0,0,1153.86,1511.57,1486.29,14.0,19.71,21.86,during,early-vaccine,1,0,0,0,0,0,0,1,0,0,1,0,0,0,0,0.0
2021-04-26,0,0.0,0.0,0,1116.86,1464.14,1527.29,14.29,17.86,23.57,during,early-vaccine,1,0,0,0,0,0,0,0,0,0,1,0,0,0,0,0.0
2021-04-27,1,0.0,0.0,0,1100.57,1348.14,1615.0,15.14,17.43,21.57,during,early-vaccine,1,0,0,0,0,0,0,0,0,0,1,0,0,0,0,0.0
2021-04-28,2,0.0,0.0,0,1078.86,1342.43,1579.43,15.86,17.14,19.86,during,early-vaccine,1,0,0,0,0,0,0,0,0,0,1,0,0,0,0,0.0
2021-04-29,3,1.0,1.0,0,1051.43,1336.43,1506.14,16.14,16.71,19.43,during,early-vaccine,1,0,0,0,0,0,0,0,0,0,1,0,0,0,0,1.0
2021-04-30,4,1.0,1.0,0,1038.43,1300.14,1513.57,16.43,15.86,19.86,during,post-vaccine,0,0,0,0,1,0,0,0,0,0,1,0,0,0,0,1.0
2021-05-01,5,1.0,1.0,0,1032.43,1214.0,1500.43,15.57,15.0,19.14,during,post-vaccine,0,0,0,0,1,0,0,1,0,0,1,0,0,0,0,1.0
2021-05-02,6,0.0,0.0,0,1014.86,1153.86,1511.57,18.0,14.0,19.71,during,post-vaccine,0,0,0,0,1,0,0,1,0,0,1,0,0,0,0,0.0
2021-05-03,0,0.0,0.0,0,999.43,1116.86,1464.14,19.0,14.29,17.86,during,post-vaccine,0,0,0,0,1,0,0,0,0,0,1,0,0,0,0,0.0
2021-05-04,1,1.0,1.0,0,949.29,1100.57,1348.14,18.14,15.14,17.43,during,post-vaccine,0,0,0,0,1,0,0,0,0,0,1,0,0,0,0,1.0
2021-05-05,2,1.0,1.0,0,911.14,1078.86,1342.43,18.14,15.86,17.14,during,post-vaccine,0,0,0,0,1,0,0,0,0,0,1,0,0,0,0,1.0
2021-05-06,3,1.0,1.0,0,864.71,1051.43,1336.43,17.57,16.14,16.71,during,post-vaccine,0,0,0,0,1,0,0,0,0,0,1,0,0,0,0,1.0
2021-05-07,4,0.0,0.0,0,820.29,1038.43,1300.14,17.0,16.43,15.86,during,post-vaccine,0,0,0,0,1,0,0,0,0,0,1,0,0,0,0,0.0
2021-05-08,5,,0.0,1,794.0,1032.43,1214.0,16.71,15.57,15.0,during,post-vaccine,0,0,0,0,1,0,0,1,0,0,1,0,0,0,0,0.0
2021-05-09,6,0.0,0.0,0,762.29,1014.86,1153.86,13.29,18.0,14.0,during,post-vaccine,0,0,0,0,1,0,0,1,0,0,1,0,0,0,0,0.0
2021-05-10,0,1.0,1.0,0,723.0,999.43,1116.86,11.57,19.0,14.29,during,post-vaccine,0,0,0,0,1,0,0,0,0,0,1,0,0,0,0,1.0
2021-05-11,1,0.0,0.0,0,698.57,949.29,1100.57,11.86,18.14,15.14,during,post-vaccine,0,0,0,0,1,0,0,0,0,0,1,0,0,0,0,0.0
2021-05-12,2,0.0,0.0,0,658.43,911.14,1078.86,9.57,18.14,15.86,during,post-vaccine,0,0,0,0,1,0,0,0,0,0,1,0,0,0,0,0.0
2021-05-13,3,0.0,0.0,0,618.86,864.71,1051.43,9.43,17.57,16.14,during,post-vaccine,0,0,0,0,1,0,0,0,0,0,1,0,0,0,0,0.0
2021-05-14,4,0.0,0.0,0,555.29,820.29,1038.43,8.29,17.0,16.43,during,post-vaccine,0,0,0,0,1,0,0,0,0,0,1,0,0,0,0,0.0
2021-05-15,5,0.0,0.0,0,543.86,794.0,1032.43,7.57,16.71,15.57,during,post-vaccine,0,0,0,0,1,0,0,1,0,0,1,0,0,0,0,0.0
2021-05-16,6,0.0,0.0,0,506.0,762.29,1014.86,7.57,13.29,18.0,during,post-vaccine,0,0,0,0,1,0,0,1,0,0,1,0,0,0,0,0.0
2021-05-17,0,0.0,0.0,0,497.0,723.0,999.43,6.14,11.57,19.0,during,post-vaccine,0,0,0,0,1,0,0,0,0,0,1,0,0,0,0,0.0
2021-05-18,1,0.0,0.0,0,466.86,698.57,949.29,5.0,11.86,18.14,during,post-vaccine,0,0,0,0,1,0,0,0,0,0,1,0,0,0,0,0.0
2021-05-19,2,1.0,1.0,0,454.0,658.43,911.14,4.71,9.57,18.14,during,post-vaccine,0,0,0,0,1,0,0,0,0,0,1,0,0,0,0,1.0
2021-05-20,3,1.0,1.0,0,455.71,618.86,864.71,3.71,9.43,17.57,during,post-vaccine,0,0,0,0,1,0,0,0,0,0,1,0,0,0,0,1.0
2021-05-21,4,0.0,0.0,0,441.86,555.29,820.29,3.29,8.29,17.0,during,post-vaccine,0,0,0,0,1,0,0,0,0,0,1,0,0,0,0,0.0
2021-05-22,5,0.0,0.0,0,410.71,543.86,794.0,3.29,7.57,16.71,during,post-vaccine,0,0,0,0,1,0,0,1,0,0,1,0,0,0,0,0.0
2021-05-23,6,0.0,0.0,0,405.29,506.0,762.29,3.75,7.57,13.29,during,post-vaccine,0,0,0,0,1,0,0,1,0,0,1,0,0,0,0,0.0
2021-05-24,0,1.0,1.0,0,377.14,497.0,723.0,3.75,6.14,11.57,during,post-vaccine,0,0,0,0,1,0,0,0,0,0,1,0,0,0,0,1.0
2021-05-25,1,0.0,0.0,0,415.0,466.86,698.57,4.86,5.0,11.86,during,post-vaccine,0,0,0,0,1,0,0,0,0,0,1,0,0,0,0,0.0
2021-05-26,2,1.0,1.0,0,393.86,454.0,658.43,5.43,4.71,9.57,during,post-vaccine,0,0,0,0,1,0,0,0,0,0,1,0,0,0,0,1.0
2021-05-27,3,0.0,0.0,0,360.43,455.71,618.86,6.0,3.71,9.43,during,post-vaccine,0,0,0,0,1,0,0,0,0,0,1,0,0,0,0,0.0
2021-05-28,4,0.0,0.0,0,361.57,441.86,555.29,6.29,3.29,8.29,during,post-vaccine,0,0,0,0,1,0,0,0,0,0,1,0,0,0,0,0.0
2021-05-29,5,,0.0,1,338.86,410.71,543.86,6.57,3.29,7.57,during,post-vaccine,0,0,0,0,1,0,0,1,0,0,1,0,0,0,0,0.0
2021-05-30,6,0.0,0.0,0,337.57,405.29,506.0,6.57,3.75,7.57,during,post-vaccine,0,0,0,0,1,0,0,1,0,0,1,0,0,0,0,0.0
2021-05-31,0,0.0,0.0,0,347.57,377.14,497.0,6.57,3.75,6.14,during,post-vaccine,0,0,0,0,1,0,0,0,1,1,1,0,0,0,0,0.0
2021-06-01,1,0.0,0.0,0,262.57,415.0,466.86,4.43,4.86,5.0,during,post-vaccine,0,0,0,0,1,0,0,0,0,0,1,0,0,0,0,0.0
2021-06-02,2,0.0,0.0,0,243.0,393.86,454.0,3.57,5.43,4.71,during,post-vaccine,0,0,0,0,1,0,0,0,0,0,1,0,0,0,0,0.0
2021-06-03,3,0.0,0.0,0,228.86,360.43,455.71,3.43,6.0,3.71,during,post-vaccine,0,0,0,0,1,0,0,0,0,0,1,0,0,0,0,0.0
2021-06-04,4,0.0,0.0,0,208.14,361.57,441.86,2.71,6.29,3.29,during,post-vaccine,0,0,0,0,1,0,0,0,0,0,1,0,0,0,0,0.0
2021-06-05,5,0.0,0.0,0,203.0,338.86,410.71,2.0,6.57,3.29,during,post-vaccine,0,0,0,0,1,0,0,1,0,0,1,0,0,0,0,0.0
2021-06-06,6,0.0,0.0,0,192.71,337.57,405.29,2.13,6.57,3.75,during,post-vaccine,0,0,0,0,1,0,0,1,0,0,1,0,0,0,0,0.0
2021-06-07,0,1.0,1.0,0,184.71,347.57,377.14,2.33,6.57,3.75,during,post-vaccine,0,0,0,0,1,0,0,0,0,0,1,0,0,0,0,1.0
2021-06-08,1,1.0,1.0,0,202.29,262.57,415.0,3.29,4.43,4.86,during,post-vaccine,0,0,0,0,1,0,0,0,0,0,1,0,0,0,0,1.0
2021-06-09,2,0.0,0.0,0,203.86,243.0,393.86,3.29,3.57,5.43,during,post-vaccine,0,0,0,0,1,0,0,0,0,0,1,0,0,0,0,0.0
2021-06-10,3,0.0,0.0,0,197.71,228.86,360.43,3.29,3.43,6.0,during,post-vaccine,0,0,0,0,1,0,0,0,0,0,1,0,0,0,0,0.0
2021-06-11,4,0.0,0.0,0,175.71,208.14,361.57,3.29,2.71,6.29,during,post-vaccine,0,0,0,0,1,0,0,0,0,0,1,0,0,0,0,0.0
2021-06-12,5,,0.0,1,155.0,203.0,338.86,2.57,2.0,6.57,during,post-vaccine,0,0,0,0,1,0,0,1,0,0,1,0,0,0,0,0.0
2021-06-13,6,,0.0,1,143.29,192.71,337.57,3.43,2.13,6.57,during,post-vaccine,0,0,0,0,1,0,0,1,0,0,1,0,0,0,0,0.0
2021-06-14,0,0.0,0.0,0,140.14,184.71,347.57,3.29,2.33,6.57,during,post-vaccine,0,0,0,0,1,0,0,0,0,0,1,0,0,0,0,0.0
2021-06-15,1,0.0,0.0,0,133.71,202.29,262.57,3.29,3.29,4.43,during,post-vaccine,0,0,0,0,1,0,0,0,0,0,1,0,0,0,0,0.0
2021-06-16,2,1.0,1.0,0,145.14,203.86,243.0,3.29,3.29,3.57,during,post-vaccine,0,0,0,0,1,0,0,0,0,0,1,0,0,0,0,1.0
2021-06-17,3,0.0,0.0,0,138.14,197.71,228.86,3.29,3.29,3.43,during,post-vaccine,0,0,0,0,1,0,0,0,0,0,1,0,0,0,0,0.0
2021-06-18,4,0.0,0.0,0,139.43,175.71,208.14,3.29,3.29,2.71,during,post-vaccine,0,0,0,0,1,0,0,0,1,1,1,0,0,0,0,0.0
2021-06-19,5,0.0,0.0,0,132.0,155.0,203.0,2.78,2.57,2.0,during,post-vaccine,0,0,0,0,1,0,0,1,0,0,1,0,0,0,0,0.0
2021-06-20,6,0.0,0.0,0,129.29,143.29,192.71,3.43,3.43,2.13,during,post-vaccine,0,0,0,0,1,0,0,1,0,0,1,0,0,0,0,0.0
2021-06-21,0,0.0,0.0,0,136.14,140.14,184.71,2.57,3.29,2.33,during,post-vaccine,0,0,0,0,1,0,0,0,0,0,1,0,0,0,0,0.0
2021-06-22,1,1.0,1.0,0,137.14,133.71,202.29,2.86,3.29,3.29,during,post-vaccine,0,0,0,0,1,0,0,0,0,0,1,0,0,0,0,1.0
2021-06-23,2,0.0,0.0,0,130.14,145.14,203.86,3.14,3.29,3.29,during,post-vaccine,0,0,0,0,1,0,0,0,0,0,1,0,0,0,0,0.0
2021-06-24,3,1.0,1.0,0,134.0,138.14,197.71,2.71,3.29,3.29,during,post-vaccine,0,0,0,0,1,0,0,0,0,0,1,0,0,0,0,1.0
2021-06-25,4,1.0,1.0,0,138.0,139.43,175.71,2.88,3.29,3.29,during,post-vaccine,0,0,0,0,1,0,0,0,0,0,1,0,0,0,0,1.0
2021-06-26,5,0.0,0.0,0,155.0,132.0,155.0,2.88,2.78,2.57,during,post-vaccine,0,0,0,0,1,0,0,1,0,0,1,0,0,0,0,0.0
2021-06-27,6,0.0,0.0,0,168.43,129.29,143.29,2.43,3.43,3.43,during,post-vaccine,0,0,0,0,1,0,0,1,0,0,1,0,0,0,0,0.0
2021-06-28,0,1.0,1.0,0,164.57,136.14,140.14,2.43,2.57,3.29,during,post-vaccine,0,0,0,0,1,0,0,0,0,0,1,0,0,0,0,1.0
2021-06-29,1,1.0,1.0,0,165.14,137.14,133.71,2.0,2.86,3.29,during,post-vaccine,0,0,0,0,1,0,0,0,0,0,1,0,0,0,0,1.0
2021-06-30,2,0.0,0.0,0,171.86,130.14,145.14,2.86,3.14,3.29,during,post-vaccine,0,0,0,0,1,0,0,0,0,0,1,0,0,0,0,0.0
2021-07-01,3,0.0,0.0,0,176.29,134.0,138.14,2.86,2.71,3.29,during,post-vaccine,0,0,0,0,1,0,0,0,0,0,1,0,0,0,0,0.0
2021-07-02,4,0.0,0.0,0,181.71,138.0,139.43,3.57,2.88,3.29,during,post-vaccine,0,0,0,0,1,0,0,0,0,0,1,0,0,0,0,0.0
2021-07-03,5,0.0,0.0,0,174.86,155.0,132.0,3.57,2.88,2.78,during,post-vaccine,0,0,0,0,1,0,0,1,0,0,1,0,0,0,0,0.0
2021-07-04,6,0.0,0.0,0,177.71,168.43,129.29,3.57,2.43,3.43,during,post-vaccine,0,0,0,0,1,0,0,1,0,0,1,0,0,0,0,0.0
2021-07-05,0,0.0,0.0,0,182.43,164.57,136.14,3.57,2.43,2.57,during,post-vaccine,0,0,0,0,1,0,0,0,1,1,1,0,0,0,0,0.0
2021-07-06,1,0.0,0.0,0,180.14,165.14,137.14,3.57,2.0,2.86,during,post-vaccine,0,0,0,0,1,0,0,0,0,0,1,0,0,0,0,0.0
2021-07-07,2,0.0,0.0,0,179.86,171.86,130.14,2.0,2.86,3.14,during,post-vaccine,0,0,0,0,1,0,0,0,0,0,1,0,0,0,0,0.0
2021-07-08,3,,1.0,1,189.43,176.29,134.0,2.71,2.86,2.71,during,post-vaccine,0,0,0,0,1,0,0,0,0,0,1,0,0,0,0,0.0
2021-07-09,4,0.0,0.0,0,200.43,181.71,138.0,2.0,3.57,2.88,during,post-vaccine,0,0,0,0,1,0,0,0,0,0,1,0,0,0,0,0.0
2021-07-10,5,0.0,0.0,0,218.43,174.86,155.0,2.0,3.57,2.88,during,post-vaccine,0,0,0,0,1,0,0,1,0,0,1,0,0,0,0,0.0
2021-07-11,6,0.0,0.0,0,228.71,177.71,168.43,2.86,3.57,2.43,during,post-vaccine,0,0,0,0,1,0,0,1,0,0,1,0,0,0,0,0.0
2021-07-12,0,0.0,0.0,0,237.43,182.43,164.57,2.88,3.57,2.43,during,post-vaccine,0,0,0,0,1,0,0,0,0,0,1,0,0,0,0,0.0
2021-07-13,1,0.0,0.0,0,268.0,180.14,165.14,4.43,3.57,2.0,during,post-vaccine,0,0,0,0,1,0,0,0,0,0,1,0,0,0,0,0.0
2021-07-14,2,0.0,0.0,0,287.86,179.86,171.86,4.43,2.0,2.86,during,post-vaccine,0,0,0,0,1,0,0,0,0,0,1,0,0,0,0,0.0
2021-07-15,3,0.0,0.0,0,309.14,189.43,176.29,5.71,2.71,2.86,during,post-vaccine,0,0,0,0,1,0,0,0,0,0,1,0,0,0,0,0.0
2021-07-16,4,0.0,0.0,0,336.0,200.43,181.71,5.71,2.0,3.57,during,post-vaccine,0,0,0,0,1,0,0,0,0,0,1,0,0,0,0,0.0
2021-07-17,5,0.0,0.0,0,336.0,218.43,174.86,5.71,2.0,3.57,during,post-vaccine,0,0,0,0,1,0,0,1,0,0,1,0,0,0,0,0.0
2021-07-18,6,0.0,0.0,0,336.0,228.71,177.71,5.71,2.86,3.57,during,post-vaccine,0,0,0,0,1,0,0,1,0,0,1,0,0,0,0,0.0
2021-07-19,0,0.0,0.0,0,375.57,237.43,182.43,4.14,2.88,3.57,during,post-vaccine,0,0,0,0,1,0,0,0,0,0,1,0,0,0,0,0.0
2021-07-20,1,1.0,1.0,0,429.14,268.0,180.14,5.0,4.43,3.57,during,post-vaccine,0,0,0,0,1,0,0,0,0,0,1,0,0,0,0,1.0
2021-07-21,2,0.0,0.0,0,467.14,287.86,179.86,5.43,4.43,2.0,during,post-vaccine,0,0,0,0,1,0,0,0,0,0,1,0,0,0,0,0.0
2021-07-22,3,1.0,1.0,0,499.43,309.14,189.43,4.57,5.71,2.71,during,post-vaccine,0,0,0,0,1,0,0,0,0,0,1,0,0,0,0,1.0
2021-07-23,4,0.0,0.0,0,543.0,336.0,200.43,5.25,5.71,2.0,during,post-vaccine,0,0,0,0,1,0,0,0,0,0,1,0,0,0,0,0.0
2021-07-24,5,0.0,0.0,0,543.0,336.0,218.43,5.25,5.71,2.0,during,post-vaccine,0,0,0,0,1,0,0,1,0,0,1,0,0,0,0,0.0
2021-07-25,6,,0.0,1,543.0,336.0,228.71,5.25,5.71,2.86,during,post-vaccine,0,0,0,0,1,0,0,1,0,0,1,0,0,0,0,0.0
2021-07-26,0,1.0,1.0,0,671.14,375.57,237.43,9.86,4.14,2.88,during,post-vaccine,0,0,0,0,1,0,0,0,0,0,1,0,0,0,0,1.0
2021-07-27,1,0.0,0.0,0,687.43,429.14,268.0,9.57,5.0,4.43,during,post-vaccine,0,0,0,0,1,0,0,0,0,0,1,0,0,0,0,0.0
2021-07-28,2,0.0,0.0,0,745.86,467.14,287.86,9.29,5.43,4.43,during,post-vaccine,0,0,0,0,1,0,0,0,0,0,1,0,0,0,0,0.0
2021-07-29,3,1.0,1.0,0,808.0,499.43,309.14,12.29,4.57,5.71,during,post-vaccine,0,0,0,0,1,0,0,0,0,0,1,0,0,0,0,1.0
2021-07-30,4,,0.0,1,869.14,543.0,336.0,13.29,5.25,5.71,during,post-vaccine,0,0,0,0,1,0,0,0,0,0,1,0,0,0,0,0.0
2021-07-31,5,0.0,0.0,0,869.14,543.0,336.0,13.29,5.25,5.71,during,post-vaccine,0,0,0,0,1,0,0,1,0,0,1,0,0,0,0,0.0
2021-08-01,6,,0.0,1,869.14,543.0,336.0,13.29,5.25,5.71,during,post-vaccine,0,0,0,0,1,0,0,1,0,0,1,0,0,0,0,0.0
2021-08-02,0,,0.0,1,1108.0,671.14,375.57,15.0,9.86,4.14,during,post-vaccine,0,0,0,0,1,0,0,0,0,0,1,0,0,0,0,1.0
2021-08-03,1,,1.0,1,1189.14,687.43,429.14,16.0,9.57,5.0,during,post-vaccine,0,0,0,0,1,0,0,0,0,0,1,0,0,0,0,1.0
2021-08-04,2,0.0,0.0,0,1279.14,745.86,467.14,18.43,9.29,5.43,during,post-vaccine,0,0,0,0,1,0,0,0,0,0,1,0,0,0,0,0.0
2021-08-05,3,0.0,0.0,0,1373.29,808.0,499.43,18.29,12.29,4.57,during,post-vaccine,0,0,0,0,1,0,0,0,0,0,1,0,0,0,0,0.0
2021-08-06,4,0.0,0.0,0,1468.57,869.14,543.0,19.71,13.29,5.25,during,post-vaccine,0,0,0,0,1,0,0,0,0,0,1,0,0,0,0,0.0
2021-08-07,5,0.0,0.0,0,1468.57,869.14,543.0,19.71,13.29,5.25,during,post-vaccine,0,0,0,0,1,0,0,1,0,0,1,0,0,0,0,0.0
2021-08-08,6,0.0,0.0,0,1468.57,869.14,543.0,19.71,13.29,5.25,during,post-vaccine,0,0,0,0,1,0,0,1,0,0,1,0,0,0,0,0.0
2021-08-09,0,0.0,0.0,0,1625.71,1108.0,671.14,25.0,15.0,9.86,during,post-vaccine,0,0,0,0,1,0,0,0,0,0,1,0,0,0,0,0.0
2021-08-10,1,0.0,0.0,0,1676.57,1189.14,687.43,26.86,16.0,9.57,during,post-vaccine,0,0,0,0,1,0,0,0,0,0,1,0,0,0,0,0.0
2021-08-11,2,0.0,0.0,0,1733.71,1279.14,745.86,27.14,18.43,9.29,during,post-vaccine,0,0,0,0,1,0,0,0,0,0,1,0,0,0,0,0.0
2021-08-12,3,,0.0,1,1819.57,1373.29,808.0,28.57,18.29,12.29,during,post-vaccine,0,0,0,0,1,0,0,0,0,0,1,0,0,0,0,1.0
2021-08-13,4,,0.0,1,1880.29,1468.57,869.14,29.14,19.71,13.29,during,post-vaccine,0,0,0,0,1,0,0,0,0,0,1,0,0,0,0,0.0
2021-08-14,5,0.0,0.0,0,1880.29,1468.57,869.14,29.14,19.71,13.29,during,post-vaccine,0,0,0,0,1,0,0,1,0,0,1,0,0,0,0,0.0
2021-08-15,6,0.0,0.0,0,1880.29,1468.57,869.14,29.14,19.71,13.29,during,post-vaccine,0,0,0,0,1,0,0,1,0,0,1,0,0,0,0,0.0
2021-08-16,0,0.0,0.0,0,2058.29,1625.71,1108.0,32.86,25.0,15.0,during,post-vaccine,0,0,0,0,1,0,0,0,0,0,1,0,0,0,0,0.0
2021-08-17,1,0.0,0.0,0,2127.57,1676.57,1189.14,35.43,26.86,16.0,during,post-vaccine,0,0,0,0,1,0,0,0,0,0,1,0,0,0,0,0.0
2021-08-18,2,0.0,0.0,0,2189.71,1733.71,1279.14,36.86,27.14,18.43,during,post-vaccine,0,0,0,0,1,0,0,0,0,0,1,0,0,0,0,0.0
2021-08-19,3,0.0,0.0,0,2247.29,1819.57,1373.29,37.71,28.57,18.29,during,post-vaccine,0,0,0,0,1,0,0,0,0,0,1,0,0,0,0,0.0
2021-08-20,4,0.0,0.0,0,2321.86,1880.29,1468.57,40.57,29.14,19.71,during,post-vaccine,0,0,0,0,1,0,0,0,0,0,1,0,0,0,0,0.0
2021-08-21,5,0.0,0.0,0,2321.86,1880.29,1468.57,40.57,29.14,19.71,during,post-vaccine,0,0,0,0,1,0,0,1,0,0,1,0,0,0,0,0.0
2021-08-22,6,0.0,0.0,0,2321.86,1880.29,1468.57,40.57,29.14,19.71,during,post-vaccine,0,0,0,0,1,0,0,1,0,0,1,0,0,0,0,0.0
2021-08-23,0,1.0,1.0,0,2490.43,2058.29,1625.71,38.71,32.86,25.0,during,post-vaccine,0,0,0,0,1,0,0,0,0,0,1,0,0,0,0,1.0
2021-08-24,1,0.0,0.0,0,2602.29,2127.57,1676.57,39.43,35.43,26.86,during,post-vaccine,0,0,0,0,1,0,0,0,0,0,1,0,0,0,0,0.0
2021-08-25,2,0.0,0.0,0,2731.14,2189.71,1733.71,40.29,36.86,27.14,during,post-vaccine,0,0,0,0,1,0,0,0,0,0,1,0,0,0,0,0.0
2021-08-26,3,0.0,0.0,0,2835.14,2247.29,1819.57,41.57,37.71,28.57,during,post-vaccine,0,0,0,0,1,0,0,0,0,0,1,0,0,0,0,0.0
2021-08-27,4,0.0,0.0,0,2939.0,2321.86,1880.29,42.14,40.57,29.14,during,post-vaccine,0,0,0,0,1,0,0,0,0,0,1,0,0,0,0,0.0
2021-08-28,5,0.0,0.0,0,2939.0,2321.86,1880.29,42.14,40.57,29.14,during,post-vaccine,0,0,0,0,1,0,0,1,0,0,1,0,0,0,0,0.0
2021-08-29,6,0.0,0.0,0,2939.0,2321.86,1880.29,42.14,40.57,29.14,during,post-vaccine,0,0,0,0,1,0,0,1,0,0,1,0,0,0,0,0.0
2021-08-30,0,1.0,1.0,0,3112.57,2490.43,2058.29,47.43,38.71,32.86,during,post-vaccine,0,0,0,0,1,0,0,0,0,0,1,0,0,0,0,1.0
2021-08-31,1,0.0,0.0,0,3178.29,2602.29,2127.57,47.57,39.43,35.43,during,post-vaccine,0,0,0,0,1,0,0,0,0,0,1,0,0,0,0,0.0
2021-09-01,2,0.0,0.0,0,3171.57,2731.14,2189.71,48.14,40.29,36.86,during,post-vaccine,0,0,0,0,1,0,0,0,0,0,1,0,0,0,0,0.0
2021-09-02,3,0.0,0.0,0,3280.57,2835.14,2247.29,50.0,41.57,37.71,during,post-vaccine,0,0,0,0,1,0,0,0,0,0,1,0,0,0,0,0.0
2021-09-03,4,0.0,0.0,0,3359.29,2939.0,2321.86,51.14,42.14,40.57,during,post-vaccine,0,0,0,0,1,0,0,0,0,0,1,0,0,0,0,0.0
2021-09-04,5,0.0,0.0,0,3359.29,2939.0,2321.86,51.14,42.14,40.57,during,post-vaccine,0,0,0,0,1,0,0,1,0,0,1,0,0,0,0,0.0
2021-09-05,6,0.0,0.0,0,3359.29,2939.0,2321.86,51.14,42.14,40.57,during,post-vaccine,0,0,0,0,1,0,0,1,0,0,1,0,0,0,0,0.0
2021-09-06,0,0.0,0.0,0,3423.14,3112.57,2490.43,45.71,47.43,38.71,during,post-vaccine,0,0,0,0,1,0,0,0,1,1,1,0,0,0,0,0.0
2021-09-07,1,0.0,0.0,0,3211.71,3178.29,2602.29,45.14,47.57,39.43,during,post-vaccine,0,0,0,0,1,0,0,0,0,0,1,0,0,0,0,0.0
2021-09-08,2,0.0,0.0,0,3364.86,3171.57,2731.14,52.14,48.14,40.29,during,post-vaccine,0,0,0,0,1,0,0,0,0,0,1,0,0,0,0,0.0
2021-09-09,3,0.0,0.0,0,3321.57,3280.57,2835.14,50.57,50.0,41.57,during,post-vaccine,0,0,0,0,1,0,0,0,0,0,1,0,0,0,0,0.0
2021-09-10,4,0.0,0.0,0,3380.0,3359.29,2939.0,48.86,51.14,42.14,during,post-vaccine,0,0,0,0,1,0,0,0,0,0,1,0,0,0,0,0.0
2021-09-11,5,0.0,0.0,0,3380.0,3359.29,2939.0,48.86,51.14,42.14,during,post-vaccine,0,0,0,0,1,0,0,1,0,0,1,0,0,0,0,0.0
2021-09-12,6,0.0,0.0,0,3380.0,3359.29,2939.0,48.86,51.14,42.14,during,post-vaccine,0,0,0,0,1,0,0,1,0,0,1,0,0,0,0,0.0
2021-09-13,0,1.0,1.0,0,3452.71,3423.14,3112.57,55.14,45.71,47.43,during,post-vaccine,0,0,0,0,1,0,0,0,0,0,1,0,0,0,0,1.0
2021-09-14,1,0.0,0.0,0,3688.71,3211.71,3178.29,56.14,45.14,47.57,during,post-vaccine,0,0,0,0,1,0,0,0,0,0,1,0,0,0,0,0.0
2021-09-15,2,0.0,0.0,0,3629.71,3364.86,3171.57,50.14,52.14,48.14,during,post-vaccine,0,0,0,0,1,0,0,0,0,0,1,0,0,0,0,0.0
2021-09-16,3,0.0,0.0,0,3662.43,3321.57,3280.57,49.71,50.57,50.0,during,post-vaccine,0,0,0,0,1,0,0,0,0,0,1,0,0,0,0,0.0
2021-09-17,4,0.0,0.0,0,3624.29,3380.0,3359.29,49.0,48.86,51.14,during,post-vaccine,0,0,0,0,1,0,0,0,0,0,1,0,0,0,0,0.0
2021-09-18,5,0.0,0.0,0,3624.29,3380.0,3359.29,49.0,48.86,51.14,during,post-vaccine,0,0,0,0,1,0,0,1,0,0,1,0,0,0,0,0.0
2021-09-19,6,0.0,0.0,0,3624.29,3380.0,3359.29,49.0,48.86,51.14,during,post-vaccine,0,0,0,0,1,0,0,1,0,0,1,0,0,0,0,0.0
2021-09-20,0,0.0,0.0,0,3580.14,3452.71,3423.14,49.57,55.14,45.71,during,post-vaccine,0,0,0,0,1,0,0,0,0,0,1,0,0,0,0,0.0
2021-09-21,1,0.0,0.0,0,3533.86,3688.71,3211.71,51.0,56.14,45.14,during,post-vaccine,0,0,0,0,1,0,0,0,0,0,1,0,0,0,0,0.0
2021-09-22,2,0.0,0.0,0,3486.86,3629.71,3364.86,49.0,50.14,52.14,during,post-vaccine,0,0,0,0,1,0,0,0,0,0,1,0,0,0,0,0.0
2021-09-23,3,0.0,0.0,0,3427.71,3662.43,3321.57,46.29,49.71,50.57,during,post-vaccine,0,0,0,0,1,0,0,0,0,0,1,0,0,0,0,0.0
2021-09-24,4,0.0,0.0,0,3238.29,3624.29,3380.0,45.71,49.0,48.86,during,post-vaccine,0,0,0,0,1,0,0,0,0,0,1,0,0,0,0,0.0
2021-09-25,5,0.0,0.0,0,3238.29,3624.29,3380.0,45.71,49.0,48.86,during,post-vaccine,0,0,0,0,1,0,0,1,0,0,1,0,0,0,0,0.0
2021-09-26,6,0.0,0.0,0,3238.29,3624.29,3380.0,45.71,49.0,48.86,during,post-vaccine,0,0,0,0,1,0,0,1,0,0,1,0,0,0,0,0.0
2021-09-27,0,0.0,0.0,0,3101.71,3580.14,3452.71,39.71,49.57,55.14,during,post-vaccine,0,0,0,0,1,0,0,0,0,0,1,0,0,0,0,0.0
2021-09-28,1,0.0,0.0,0,3002.57,3533.86,3688.71,38.43,51.0,56.14,during,post-vaccine,0,0,0,0,1,0,0,0,0,0,1,0,0,0,0,0.0
2021-09-29,2,0.0,0.0,0,2918.86,3486.86,3629.71,37.71,49.0,50.14,during,post-vaccine,0,0,0,0,1,0,0,0,0,0,1,0,0,0,0,0.0
2021-09-30,3,0.0,0.0,0,2828.14,3427.71,3662.43,38.0,46.29,49.71,during,post-vaccine,0,0,0,0,1,0,0,0,0,0,1,0,0,0,0,0.0
2021-10-01,4,0.0,0.0,0,2780.43,3238.29,3624.29,35.0,45.71,49.0,during,post-vaccine,0,0,0,0,1,0,0,0,0,0,1,0,0,0,0,0.0
2021-10-02,5,0.0,0.0,0,2780.43,3238.29,3624.29,35.0,45.71,49.0,during,post-vaccine,0,0,0,0,1,0,0,1,0,0,1,0,0,0,0,0.0
2021-10-03,6,0.0,0.0,0,2780.43,3238.29,3624.29,35.0,45.71,49.0,during,post-vaccine,0,0,0,0,1,0,0,1,0,0,1,0,0,0,0,0.0
2021-10-04,0,0.0,0.0,0,2748.29,3101.71,3580.14,39.14,39.71,49.57,during,post-vaccine,0,0,0,0,1,0,0,0,0,0,1,0,0,0,0,0.0
2021-10-05,1,0.0,0.0,0,2575.0,3002.57,3533.86,32.29,38.43,51.0,during,post-vaccine,0,0,0,0,1,0,0,0,0,0,1,0,0,0,0,0.0
2021-10-06,2,0.0,0.0,0,2684.71,2918.86,3486.86,35.86,37.71,49.0,during,post-vaccine,0,0,0,0,1,0,0,0,0,0,1,0,0,0,0,0.0
2021-10-07,3,0.0,0.0,0,2649.57,2828.14,3427.71,38.86,38.0,46.29,during,post-vaccine,0,0,0,0,1,0,0,0,0,0,1,0,0,0,0,0.0
2021-10-08,4,0.0,0.0,0,2690.14,2780.43,3238.29,40.71,35.0,45.71,during,post-vaccine,0,0,0,0,1,0,0,0,0,0,1,0,0,0,0,0.0
2021-10-09,5,0.0,0.0,0,2690.14,2780.43,3238.29,40.71,35.0,45.71,during,post-vaccine,0,0,0,0,1,0,0,1,0,0,1,0,0,0,0,0.0
2021-10-10,6,0.0,0.0,0,2690.14,2780.43,3238.29,40.71,35.0,45.71,during,post-vaccine,0,0,0,0,1,0,0,1,0,0,1,0,0,0,0,0.0
2021-10-11,0,0.0,0.0,0,2359.57,2748.29,3101.71,40.71,39.14,39.71,during,post-vaccine,0,0,0,0,1,0,0,0,1,1,1,0,0,0,0,0.0
2021-10-12,1,0.0,0.0,0,2443.0,2575.0,3002.57,33.43,32.29,38.43,during,post-vaccine,0,0,0,0,1,0,0,0,0,0,1,0,0,0,0,0.0
2021-10-13,2,0.0,0.0,0,2220.14,2684.71,2918.86,28.0,35.86,37.71,during,post-vaccine,0,0,0,0,1,0,0,0,0,0,1,0,0,0,0,0.0
2021-10-14,3,0.0,0.0,0,2179.71,2649.57,2828.14,24.0,38.86,38.0,during,post-vaccine,0,0,0,0,1,0,0,0,0,0,1,0,0,0,0,0.0
2021-10-15,4,,0.0,1,2111.29,2690.14,2780.43,23.29,40.71,35.0,during,post-vaccine,0,0,0,0,1,0,0,0,0,0,1,0,0,0,0,0.0
2021-10-16,5,0.0,0.0,0,2111.29,2690.14,2780.43,23.29,40.71,35.0,during,post-vaccine,0,0,0,0,1,0,0,1,0,0,1,0,0,0,0,0.0
2021-10-17,6,0.0,0.0,0,2111.29,2690.14,2780.43,23.29,40.71,35.0,during,post-vaccine,0,0,0,0,1,0,0,1,0,0,1,0,0,0,0,0.0
2021-10-18,0,0.0,0.0,0,2039.29,2359.57,2748.29,21.9,40.71,39.14,during,post-vaccine,0,0,0,0,1,0,0,0,0,0,1,0,0,0,0,0.0
2021-10-19,1,0.0,0.0,0,1982.86,2443.0,2575.0,23.14,33.43,32.29,during,post-vaccine,0,0,0,0,1,0,0,0,0,0,1,0,0,0,0,0.0
2021-10-20,2,0.0,0.0,0,1906.14,2220.14,2684.71,23.86,28.0,35.86,during,post-vaccine,0,0,0,0,1,0,0,0,0,0,1,0,0,0,0,0.0
2021-10-21,3,0.0,0.0,0,1788.43,2179.71,2649.57,22.57,24.0,38.86,during,post-vaccine,0,0,0,0,1,0,0,0,0,0,1,0,0,0,0,0.0
2021-10-22,4,0.0,0.0,0,1688.14,2111.29,2690.14,20.14,23.29,40.71,during,post-vaccine,0,0,0,0,1,0,0,0,0,0,1,0,0,0,0,0.0
2021-10-23,5,0.0,0.0,0,1688.14,2111.29,2690.14,20.14,23.29,40.71,during,post-vaccine,0,0,0,0,1,0,0,1,0,0,1,0,0,0,0,0.0
2021-10-24,6,0.0,0.0,0,1688.14,2111.29,2690.14,20.14,23.29,40.71,during,post-vaccine,0,0,0,0,1,0,0,1,0,0,1,0,0,0,0,0.0
2021-10-25,0,0.0,0.0,0,1545.43,2039.29,2359.57,19.14,21.9,40.71,during,post-vaccine,0,0,0,0,1,0,0,0,0,0,1,0,0,0,0,0.0
2021-10-26,1,0.0,0.0,0,1500.0,1982.86,2443.0,17.0,23.14,33.43,during,post-vaccine,0,0,0,0,1,0,0,0,0,0,1,0,0,0,0,0.0
2021-10-27,2,0.0,0.0,0,1472.71,1906.14,2220.14,15.86,23.86,28.0,during,post-vaccine,0,0,0,0,1,0,0,0,0,0,1,0,0,0,0,0.0
2021-10-28,3,0.0,0.0,0,1432.14,1788.43,2179.71,14.43,22.57,24.0,during,post-vaccine,0,0,0,0,1,0,0,0,0,0,1,0,0,0,0,0.0
2021-10-29,4,0.0,0.0,0,1430.86,1688.14,2111.29,16.14,20.14,23.29,during,post-vaccine,0,0,0,0,1,0,0,0,0,0,1,0,0,0,0,0.0
2021-10-30,5,0.0,0.0,0,1430.86,1688.14,2111.29,16.14,20.14,23.29,during,post-vaccine,0,0,0,0,1,0,0,1,0,0,1,0,0,0,0,0.0
2021-10-31,6,0.0,0.0,0,1430.86,1688.14,2111.29,16.14,20.14,23.29,during,post-vaccine,0,0,0,0,1,0,0,1,0,0,1,0,0,0,0,0.0
2021-11-01,0,1.0,1.0,0,1328.43,1545.43,2039.29,15.71,19.14,21.9,during,post-vaccine,0,0,0,0,1,0,0,0,0,0,1,0,0,0,0,1.0
2021-11-02,1,,0.0,1,1320.71,1500.0,1982.86,15.71,17.0,23.14,during,post-vaccine,0,0,0,0,1,0,0,0,0,0,1,0,0,0,0,0.0
2021-11-03,2,0.0,0.0,0,1292.71,1472.71,1906.14,14.0,15.86,23.86,during,post-vaccine,0,0,0,0,1,0,0,0,0,0,1,0,0,0,0,0.0
2021-11-04,3,0.0,0.0,0,1292.57,1432.14,1788.43,18.29,14.43,22.57,during,post-vaccine,0,0,0,0,1,0,0,0,0,0,1,0,0,0,0,0.0
2021-11-05,4,0.0,0.0,0,1253.0,1430.86,1688.14,16.43,16.14,20.14,during,post-vaccine,0,0,0,0,1,0,0,0,0,0,1,0,0,0,0,0.0
2021-11-06,5,0.0,0.0,0,1253.0,1430.86,1688.14,16.43,16.14,20.14,during,post-vaccine,0,0,0,0,1,0,0,1,0,0,1,0,0,0,0,0.0
2021-11-07,6,0.0,0.0,0,1253.0,1430.86,1688.14,16.43,16.14,20.14,during,post-vaccine,0,0,0,0,1,0,0,1,0,0,1,0,0,0,0,0.0
2021-11-08,0,0.0,0.0,0,1275.57,1328.43,1545.43,15.57,15.71,19.14,during,post-vaccine,0,0,0,0,1,0,0,0,0,0,1,0,0,0,0,0.0
2021-11-09,1,0.0,0.0,0,1304.57,1320.71,1500.0,16.57,15.71,17.0,during,post-vaccine,0,0,0,0,1,0,0,0,0,0,1,0,0,0,0,0.0
2021-11-10,2,0.0,0.0,0,1300.57,1292.71,1472.71,16.29,14.0,15.86,during,post-vaccine,0,0,0,0,1,0,0,0,0,0,1,0,0,0,0,0.0
2021-11-11,3,0.0,0.0,0,1314.0,1292.57,1432.14,12.57,18.29,14.43,during,post-vaccine,0,0,0,0,1,0,0,0,1,1,1,0,0,0,0,0.0
2021-11-12,4,0.0,0.0,0,1327.86,1253.0,1430.86,11.71,16.43,16.14,during,post-vaccine,0,0,0,0,1,0,0,0,0,1,1,0,0,0,0,0.0
2021-11-13,5,0.0,0.0,0,1327.86,1253.0,1430.86,11.71,16.43,16.14,during,post-vaccine,0,0,0,0,1,0,0,1,0,0,1,0,0,0,0,0.0
2021-11-14,6,0.0,0.0,0,1327.86,1253.0,1430.86,11.71,16.43,16.14,during,post-vaccine,0,0,0,0,1,0,0,1,0,0,1,0,0,0,0,0.0
2021-11-15,0,0.0,0.0,0,1304.71,1275.57,1328.43,8.43,15.57,15.71,during,post-vaccine,0,0,0,0,1,0,0,0,0,0,1,0,0,0,0,0.0
2021-11-16,1,0.0,0.0,0,1270.71,1304.57,1320.71,6.71,16.57,15.71,during,post-vaccine,0,0,0,0,1,0,0,0,0,0,1,0,0,0,0,0.0
2021-11-17,2,0.0,0.0,0,1431.43,1300.57,1292.71,7.14,16.29,14.0,during,post-vaccine,0,0,0,0,1,0,0,0,0,0,1,0,0,0,0,0.0
2021-11-18,3,0.0,0.0,0,1475.29,1314.0,1292.57,7.57,12.57,18.29,during,post-vaccine,0,0,0,0,1,0,0,0,0,0,1,0,0,0,0,0.0
2021-11-19,4,0.0,0.0,0,1517.57,1327.86,1253.0,8.14,11.71,16.43,during,post-vaccine,0,0,0,0,1,0,0,0,0,0,1,0,0,0,0,0.0
2021-11-20,5,0.0,0.0,0,1517.57,1327.86,1253.0,8.14,11.71,16.43,during,post-vaccine,0,0,0,0,1,0,0,1,0,0,1,0,0,0,0,0.0
2021-11-21,6,1.0,1.0,0,1517.57,1327.86,1253.0,8.14,11.71,16.43,during,post-vaccine,0,0,0,0,1,0,0,1,0,0,1,0,0,0,0,1.0
2021-11-22,0,0.0,0.0,0,1644.14,1304.71,1275.57,10.71,8.43,15.57,during,post-vaccine,0,0,0,0,1,0,0,0,0,0,1,0,0,0,0,0.0
2021-11-23,1,0.0,0.0,0,1697.86,1270.71,1304.57,12.29,6.71,16.57,during,post-vaccine,0,0,0,0,1,0,0,0,0,0,1,0,0,0,0,0.0
2021-11-24,2,0.0,0.0,0,1555.43,1431.43,1300.57,16.14,7.14,16.29,during,post-vaccine,0,0,0,0,1,0,0,0,0,0,1,0,0,0,0,0.0
2021-11-25,3,0.0,0.0,0,1539.14,1475.29,1314.0,15.57,7.57,12.57,during,post-vaccine,0,0,0,0,1,0,0,0,1,1,1,0,0,0,0,0.0
2021-11-26,4,0.0,0.0,0,1468.43,1517.57,1327.86,15.0,8.14,11.71,during,post-vaccine,0,0,0,0,1,0,0,0,0,1,1,0,0,0,0,0.0
2021-11-27,5,0.0,0.0,0,1468.43,1517.57,1327.86,15.0,8.14,11.71,during,post-vaccine,0,0,0,0,1,0,0,1,0,0,1,0,0,0,0,0.0
2021-11-28,6,0.0,0.0,0,1468.43,1517.57,1327.86,15.0,8.14,11.71,during,post-vaccine,0,0,0,0,1,0,0,1,0,0,1,0,0,0,0,0.0
2021-11-29,0,0.0,0.0,0,1377.0,1644.14,1304.71,14.43,10.71,8.43,during,post-vaccine,0,0,0,0,1,0,0,0,0,0,1,0,0,0,0,0.0
2021-11-30,1,0.0,0.0,0,1422.86,1697.86,1270.71,13.57,12.29,6.71,during,post-vaccine,0,0,0,0,1,0,0,0,0,0,1,0,0,0,0,0.0
2021-12-01,2,0.0,0.0,0,1548.29,1555.43,1431.43,9.43,16.14,7.14,during,post-vaccine,0,0,0,0,1,0,0,0,0,0,1,0,0,0,0,0.0
2021-12-02,3,0.0,0.0,0,1647.0,1539.14,1475.29,10.29,15.57,7.57,during,post-vaccine,0,0,0,0,1,0,0,0,0,0,1,0,0,0,0,0.0
2021-12-03,4,0.0,0.0,0,1837.14,1468.43,1517.57,11.29,15.0,8.14,during,post-vaccine,0,0,0,0,1,0,0,0,0,0,1,0,0,0,0,0.0
2021-12-04,5,0.0,0.0,0,1837.14,1468.43,1517.57,11.29,15.0,8.14,during,post-vaccine,0,0,0,0,1,0,0,1,0,0,1,0,0,0,0,0.0
2021-12-05,6,0.0,0.0,0,1837.14,1468.43,1517.57,11.29,15.0,8.14,during,post-vaccine,0,0,0,0,1,0,0,1,0,0,1,0,0,0,0,0.0
2021-12-06,0,0.0,0.0,0,2263.71,1377.0,1644.14,11.57,14.43,10.71,during,post-vaccine,0,0,0,0,1,0,0,0,0,0,1,0,0,0,0,0.0
2021-12-07,1,0.0,0.0,0,2311.57,1422.86,1697.86,12.0,13.57,12.29,during,post-vaccine,0,0,0,0,1,0,0,0,0,0,1,0,0,0,0,0.0
2021-12-08,2,0.0,0.0,0,2374.0,1548.29,1555.43,14.29,9.43,16.14,during,post-vaccine,0,0,0,0,1,0,0,0,0,0,1,0,0,0,0,0.0
2021-12-09,3,0.0,0.0,0,2460.0,1647.0,1539.14,16.14,10.29,15.57,during,post-vaccine,0,0,0,0,1,0,0,0,0,0,1,0,0,0,0,0.0
2021-12-10,4,0.0,0.0,0,2495.71,1837.14,1468.43,17.14,11.29,15.0,during,post-vaccine,0,0,0,0,1,0,0,0,0,0,1,0,0,0,0,0.0
2021-12-11,5,0.0,0.0,0,2495.71,1837.14,1468.43,17.14,11.29,15.0,during,post-vaccine,0,0,0,0,1,0,0,1,0,0,1,0,0,0,0,0.0
2021-12-12,6,0.0,0.0,0,2495.71,1837.14,1468.43,17.14,11.29,15.0,during,post-vaccine,0,0,0,0,1,0,0,1,0,0,1,0,0,0,0,0.0
2021-12-13,0,0.0,0.0,0,2519.86,2263.71,1377.0,20.86,11.57,14.43,during,post-vaccine,0,0,0,0,1,0,0,0,0,0,1,0,0,0,0,0.0
2021-12-14,1,0.0,0.0,0,2544.71,2311.57,1422.86,20.43,12.0,13.57,during,post-vaccine,0,0,0,0,1,0,0,0,0,0,1,0,0,0,0,0.0
2021-12-15,2,0.0,0.0,0,2585.43,2374.0,1548.29,20.71,14.29,9.43,during,post-vaccine,0,0,0,0,1,0,0,0,0,0,1,0,0,0,0,0.0
2021-12-16,3,0.0,0.0,0,2673.14,2460.0,1647.0,20.0,16.14,10.29,during,post-vaccine,0,0,0,0,1,0,0,0,0,0,1,0,0,0,0,0.0
2021-12-17,4,0.0,0.0,0,2760.14,2495.71,1837.14,24.43,17.14,11.29,during,post-vaccine,0,0,0,0,1,0,0,0,0,0,1,0,0,0,0,0.0
2021-12-18,5,0.0,0.0,0,2760.14,2495.71,1837.14,24.43,17.14,11.29,during,post-vaccine,0,0,0,0,1,0,0,1,0,0,1,0,0,0,0,0.0
2021-12-19,6,0.0,0.0,0,2760.14,2495.71,1837.14,24.43,17.14,11.29,during,post-vaccine,0,0,0,0,1,0,0,1,0,0,1,0,0,0,0,0.0
2021-12-20,0,0.0,0.0,0,3286.29,2519.86,2263.71,23.71,20.86,11.57,during,post-vaccine,0,0,0,0,1,0,0,0,0,0,1,0,0,0,0,0.0
2021-12-21,1,0.0,0.0,0,3575.0,2544.71,2311.57,24.71,20.43,12.0,during,post-vaccine,0,0,0,0,1,0,0,0,0,0,1,0,0,0,0,0.0
2021-12-22,2,0.0,0.0,0,3980.29,2585.43,2374.0,28.0,20.71,14.29,during,post-vaccine,0,0,0,0,1,0,0,0,0,0,1,0,0,0,0,0.0
2021-12-23,3,0.0,0.0,0,4378.14,2673.14,2460.0,32.57,20.0,16.14,during,post-vaccine,0,0,0,0,1,0,0,0,0,0,1,0,0,0,0,0.0
2021-12-24,4,0.0,0.0,0,5135.14,2760.14,2495.71,37.0,24.43,17.14,during,post-vaccine,0,0,0,0,1,0,0,0,1,1,1,0,0,0,0,0.0
2021-12-25,5,0.0,0.0,0,5135.14,2760.14,2495.71,37.0,24.43,17.14,during,post-vaccine,0,0,0,0,1,0,0,1,0,0,1,0,0,0,0,0.0
2021-12-26,6,0.0,0.0,0,5135.14,2760.14,2495.71,37.0,24.43,17.14,during,post-vaccine,0,0,0,0,1,0,0,1,0,0,1,0,0,0,0,0.0
2021-12-27,0,0.0,0.0,0,6307.29,3286.29,2519.86,57.29,23.71,20.86,during,post-vaccine,0,0,0,0,1,0,0,0,1,1,1,0,0,0,0,0.0
2021-12-28,1,0.0,0.0,0,6736.14,3575.0,2544.71,65.71,24.71,20.43,during,post-vaccine,0,0,0,0,1,0,0,0,1,1,1,0,0,0,0,0.0
2021-12-29,2,0.0,0.0,0,7613.29,3980.29,2585.43,86.57,28.0,20.71,during,post-vaccine,0,0,0,0,1,0,0,0,1,1,1,0,0,0,0,0.0
2021-12-30,3,0.0,0.0,0,8617.14,4378.14,2673.14,104.0,32.57,20.0,during,post-vaccine,0,0,0,0,1,0,0,0,1,1,1,0,0,0,0,0.0
2021-12-31,4,0.0,0.0,0,9883.14,5135.14,2760.14,129.29,37.0,24.43,during,omicron,0,0,1,0,0,0,0,0,1,1,1,0,0,0,0,0.0
2022-01-01,5,0.0,0.0,0,9883.14,5135.14,2760.14,129.29,37.0,24.43,during,omicron,0,0,1,0,0,0,0,1,0,0,1,0,0,0,0,0.0
2022-01-02,6,,0.0,1,9883.14,5135.14,2760.14,129.29,37.0,24.43,during,omicron,0,0,1,0,0,0,0,1,0,0,1,0,0,0,0,0.0
2022-01-03,0,0.0,0.0,0,13264.86,6307.29,3286.29,178.29,57.29,23.71,during,omicron,0,0,1,0,0,0,0,0,0,0,1,0,0,0,0,0.0
2022-01-04,1,0.0,0.0,0,14410.14,6736.14,3575.0,206.57,65.71,24.71,during,omicron,0,0,1,0,0,0,0,0,0,0,1,0,0,0,0,0.0
2022-01-05,2,0.0,0.0,0,14212.43,7613.29,3980.29,202.43,86.57,28.0,during,omicron,0,0,1,0,0,0,0,0,0,0,1,0,0,0,0,0.0
2022-01-06,3,0.0,0.0,0,14546.71,8617.14,4378.14,221.29,104.0,32.57,during,omicron,0,0,1,0,0,0,0,0,0,0,1,0,0,0,0,0.0
2022-01-07,4,0.0,0.0,0,14645.43,9883.14,5135.14,225.29,129.29,37.0,during,omicron,0,0,1,0,0,0,0,0,0,0,1,0,0,0,0,0.0
2022-01-08,5,0.0,0.0,0,14645.43,9883.14,5135.14,225.29,129.29,37.0,during,omicron,0,0,1,0,0,0,0,1,0,0,1,0,0,0,0,0.0
2022-01-09,6,0.0,0.0,0,14645.43,9883.14,5135.14,225.29,129.29,37.0,post-vax,omicron,0,0,1,0,0,0,0,1,0,0,0,1,0,0,0,0.0
2022-01-10,0,0.0,0.0,0,16862.29,13264.86,6307.29,259.86,178.29,57.29,post-vax,omicron,0,0,1,0,0,0,0,0,0,0,0,1,0,0,0,0.0
2022-01-11,1,0.0,0.0,0,17037.29,14410.14,6736.14,253.43,206.57,65.71,post-vax,omicron,0,0,1,0,0,0,0,0,0,0,0,1,0,0,0,0.0
2022-01-12,2,0.0,0.0,0,18338.43,14212.43,7613.29,260.71,202.43,86.57,post-vax,omicron,0,0,1,0,0,0,0,0,0,0,0,1,0,0,0,0.0
2022-01-13,3,0.0,0.0,0,18781.57,14546.71,8617.14,258.57,221.29,104.0,post-vax,omicron,0,0,1,0,0,0,0,0,0,0,0,1,0,0,0,0.0
2022-01-14,4,0.0,0.0,0,18625.86,14645.43,9883.14,247.14,225.29,129.29,post-vax,omicron,0,0,1,0,0,0,0,0,0,0,0,1,0,0,0,0.0
2022-01-15,5,0.0,0.0,0,18625.86,14645.43,9883.14,247.14,225.29,129.29,post-vax,omicron,0,0,1,0,0,0,0,1,0,0,0,1,0,0,0,0.0
2022-01-16,6,0.0,0.0,0,18625.86,14645.43,9883.14,247.14,225.29,129.29,post-vax,omicron,0,0,1,0,0,0,0,1,0,0,0,1,0,0,0,0.0
2022-01-17,0,0.0,0.0,0,16916.57,16862.29,13264.86,216.71,259.86,178.29,post-vax,omicron,0,0,1,0,0,0,0,0,1,1,0,1,0,0,0,0.0
2022-01-18,1,0.0,0.0,0,15997.57,17037.29,14410.14,200.57,253.43,206.57,post-vax,omicron,0,0,1,0,0,0,0,0,0,0,0,1,0,0,0,0.0
2022-01-19,2,0.0,0.0,0,14946.71,18338.43,14212.43,191.86,260.71,202.43,post-vax,omicron,0,0,1,0,0,0,0,0,0,0,0,1,0,0,0,0.0
2022-01-20,3,0.0,0.0,0,14355.43,18781.57,14546.71,173.86,258.57,221.29,post-vax,omicron,0,0,1,0,0,0,0,0,0,0,0,1,0,0,0,0.0
2022-01-21,4,0.0,0.0,0,14328.0,18625.86,14645.43,169.14,247.14,225.29,post-vax,omicron,0,0,1,0,0,0,0,0,0,0,0,1,0,0,0,0.0
2022-01-22,5,0.0,0.0,0,14328.0,18625.86,14645.43,169.14,247.14,225.29,post-vax,omicron,0,0,1,0,0,0,0,1,0,0,0,1,0,0,0,0.0
2022-01-23,6,0.0,0.0,0,14328.0,18625.86,14645.43,169.14,247.14,225.29,post-vax,omicron,0,0,1,0,0,0,0,1,0,0,0,1,0,0,0,0.0
2022-01-24,0,0.0,0.0,0,12019.86,16916.57,16862.29,128.29,216.71,259.86,post-vax,omicron,0,0,1,0,0,0,0,0,0,0,0,1,0,0,0,0.0
2022-01-25,1,0.0,0.0,0,12084.29,15997.57,17037.29,123.29,200.57,253.43,post-vax,omicron,0,0,1,0,0,0,0,0,0,0,0,1,0,0,0,0.0
2022-01-26,2,0.0,0.0,0,11890.86,14946.71,18338.43,119.0,191.86,260.71,post-vax,omicron,0,0,1,0,0,0,0,0,0,0,0,1,0,0,0,0.0
2022-01-27,3,0.0,0.0,0,11453.71,14355.43,18781.57,109.86,173.86,258.57,post-vax,omicron,0,0,1,0,0,0,0,0,0,0,0,1,0,0,0,0.0
2022-01-28,4,1.0,1.0,0,10555.71,14328.0,18625.86,98.57,169.14,247.14,post-vax,omicron,0,0,1,0,0,0,0,0,0,0,0,1,0,0,0,1.0
2022-01-29,5,0.0,0.0,0,10555.71,14328.0,18625.86,98.57,169.14,247.14,post-vax,omicron,0,0,1,0,0,0,0,1,0,0,0,1,0,0,0,0.0
2022-01-30,6,0.0,0.0,0,10555.71,14328.0,18625.86,98.57,169.14,247.14,post-vax,omicron,0,0,1,0,0,0,0,1,0,0,0,1,0,0,0,0.0
2022-01-31,0,0.0,0.0,0,9193.71,12019.86,16916.57,79.57,128.29,216.71,post-vax,omicron,0,0,1,0,0,0,0,0,0,0,0,1,0,0,0,0.0
2022-02-01,1,0.0,0.0,0,8530.29,12084.29,15997.57,75.71,123.29,200.57,post-vax,omicron,0,0,1,0,0,0,0,0,0,0,0,1,0,0,0,0.0
2022-02-02,2,0.0,0.0,0,7894.86,11890.86,14946.71,67.0,119.0,191.86,post-vax,omicron,0,0,1,0,0,0,0,0,0,0,0,1,0,0,0,0.0
2022-02-03,3,1.0,1.0,0,7237.14,11453.71,14355.43,60.86,109.86,173.86,post-vax,omicron,0,0,1,0,0,0,0,0,0,0,0,1,0,0,0,1.0
2022-02-04,4,0.0,0.0,0,6631.29,10555.71,14328.0,53.57,98.57,169.14,post-vax,omicron,0,0,1,0,0,0,0,0,0,0,0,1,0,0,0,0.0
2022-02-05,5,0.0,0.0,0,6631.29,10555.71,14328.0,53.57,98.57,169.14,post-vax,omicron,0,0,1,0,0,0,0,1,0,0,0,1,0,0,0,0.0
2022-02-06,6,0.0,0.0,0,6631.29,10555.71,14328.0,53.57,98.57,169.14,post-vax,omicron,0,0,1,0,0,0,0,1,0,0,0,1,0,0,0,0.0
2022-02-07,0,0.0,0.0,0,5514.0,9193.71,12019.86,44.29,79.57,128.29,post-vax,omicron,0,0,1,0,0,0,0,0,0,0,0,1,0,0,0,0.0
2022-02-08,1,0.0,0.0,0,5318.86,8530.29,12084.29,39.71,75.71,123.29,post-vax,omicron,0,0,1,0,0,0,0,0,0,0,0,1,0,0,0,0.0
2022-02-09,2,0.0,0.0,0,5041.71,7894.86,11890.86,35.14,67.0,119.0,post-vax,omicron,0,0,1,0,0,0,0,0,0,0,0,1,0,0,0,0.0
2022-02-10,3,0.0,0.0,0,4697.14,7237.14,11453.71,32.14,60.86,109.86,post-vax,omicron,0,0,1,0,0,0,0,0,0,0,0,1,0,0,0,0.0
2022-02-11,4,0.0,0.0,0,4379.29,6631.29,10555.71,31.29,53.57,98.57,post-vax,omicron,0,0,1,0,0,0,0,0,0,0,0,1,0,0,0,0.0
2022-02-12,5,0.0,0.0,0,4379.29,6631.29,10555.71,31.29,53.57,98.57,post-vax,omicron,0,0,1,0,0,0,0,1,0,0,0,1,0,0,0,0.0
2022-02-13,6,0.0,0.0,0,4379.29,6631.29,10555.71,31.29,53.57,98.57,post-vax,omicron,0,0,1,0,0,0,0,1,0,0,0,1,0,0,0,0.0
2022-02-14,0,0.0,0.0,0,3782.57,5514.0,9193.71,27.29,44.29,79.57,post-vax,omicron,0,0,1,0,0,0,0,0,0,0,0,1,0,0,0,0.0
2022-02-15,1,0.0,0.0,0,3540.29,5318.86,8530.29,28.0,39.71,75.71,post-vax,omicron,0,0,1,0,0,0,0,0,0,0,0,1,0,0,0,0.0
2022-02-16,2,0.0,0.0,0,3296.29,5041.71,7894.86,27.71,35.14,67.0,post-vax,omicron,0,0,1,0,0,0,0,0,0,0,0,1,0,0,0,0.0
2022-02-17,3,0.0,0.0,0,3062.43,4697.14,7237.14,24.86,32.14,60.86,post-vax,omicron,0,0,1,0,0,0,0,0,0,0,0,1,0,0,0,0.0
2022-02-18,4,0.0,0.0,0,2858.29,4379.29,6631.29,22.86,31.29,53.57,post-vax,omicron,0,0,1,0,0,0,0,0,0,0,0,1,0,0,0,0.0
2022-02-19,5,0.0,0.0,0,2858.29,4379.29,6631.29,22.86,31.29,53.57,post-vax,omicron,0,0,1,0,0,0,0,1,0,0,0,1,0,0,0,0.0
2022-02-20,6,0.0,0.0,0,2858.29,4379.29,6631.29,22.86,31.29,53.57,post-vax,omicron,0,0,1,0,0,0,0,1,0,0,0,1,0,0,0,0.0
2022-02-21,0,0.0,0.0,0,2556.71,3782.57,5514.0,19.57,27.29,44.29,post-vax,omicron,0,0,1,0,0,0,0,0,1,1,0,1,0,0,0,0.0
2022-02-22,1,1.0,1.0,0,2439.57,3540.29,5318.86,17.0,28.0,39.71,post-vax,omicron,0,0,1,0,0,0,0,0,0,0,0,1,0,0,0,1.0
2022-02-23,2,0.0,0.0,0,2326.57,3296.29,5041.71,14.86,27.71,35.14,post-vax,omicron,0,0,1,0,0,0,0,0,0,0,0,1,0,0,0,0.0
2022-02-24,3,1.0,1.0,0,2144.57,3062.43,4697.14,15.43,24.86,32.14,post-vax,omicron,0,0,1,0,0,0,0,0,0,0,0,1,0,0,0,1.0
2022-02-25,4,0.0,0.0,0,1975.0,2858.29,4379.29,16.29,22.86,31.29,post-vax,omicron,0,0,1,0,0,0,0,0,0,0,0,1,0,0,0,0.0
2022-02-26,5,0.0,0.0,0,1975.0,2858.29,4379.29,16.29,22.86,31.29,post-vax,omicron,0,0,1,0,0,0,0,1,0,0,0,1,0,0,0,0.0
2022-02-27,6,0.0,0.0,0,1975.0,2858.29,4379.29,16.29,22.86,31.29,post-vax,omicron,0,0,1,0,0,0,0,1,0,0,0,1,0,0,0,0.0
2022-02-28,0,,0.0,1,1617.0,2556.71,3782.57,13.71,19.57,27.29,post-vax,omicron,0,0,1,0,0,0,0,0,0,0,0,1,0,0,0,0.0
2022-03-01,1,0.0,0.0,0,1520.29,2439.57,3540.29,13.29,17.0,28.0,post-vax,omicron,0,0,1,0,0,0,0,0,0,0,0,1,0,0,0,0.0
2022-03-02,2,0.0,0.0,0,1430.71,2326.57,3296.29,12.57,14.86,27.71,post-vax,omicron,0,0,1,0,0,0,0,0,0,0,0,1,0,0,0,0.0
2022-03-03,3,0.0,0.0,0,1406.14,2144.57,3062.43,10.0,15.43,24.86,post-vax,omicron,0,0,1,0,0,0,0,0,0,0,0,1,0,0,0,0.0
2022-03-04,4,0.0,0.0,0,1325.86,1975.0,2858.29,10.0,16.29,22.86,post-vax,omicron,0,0,1,0,0,0,0,0,0,0,0,1,0,0,0,0.0
2022-03-05,5,0.0,0.0,0,1325.86,1975.0,2858.29,10.0,16.29,22.86,post-vax,omicron,0,0,1,0,0,0,0,1,0,0,0,1,0,0,0,0.0
2022-03-06,6,0.0,0.0,0,1325.86,1975.0,2858.29,10.0,16.29,22.86,post-vax,omicron,0,0,1,0,0,0,0,1,0,0,0,1,0,0,0,0.0
2022-03-07,0,0.0,0.0,0,1176.71,1617.0,2556.71,6.14,13.71,19.57,post-vax,omicron,0,0,1,0,0,0,0,0,0,0,0,1,0,0,0,0.0
2022-03-08,1,0.0,0.0,0,1118.29,1520.29,2439.57,6.29,13.29,17.0,post-vax,omicron,0,0,1,0,0,0,0,0,0,0,0,1,0,0,0,0.0
2022-03-09,2,0.0,0.0,0,1040.57,1430.71,2326.57,5.86,12.57,14.86,post-vax,omicron,0,0,1,0,0,0,0,0,0,0,0,1,0,0,0,0.0
2022-03-10,3,0.0,0.0,0,1035.14,1406.14,2144.57,5.29,10.0,15.43,post-vax,omicron,0,0,1,0,0,0,0,0,0,0,0,1,0,0,0,0.0
2022-03-11,4,0.0,0.0,0,1060.14,1325.86,1975.0,5.29,10.0,16.29,post-vax,omicron,0,0,1,0,0,0,0,0,0,0,0,1,0,0,0,0.0
2022-03-12,5,0.0,0.0,0,1060.14,1325.86,1975.0,5.29,10.0,16.29,post-vax,post-covid,0,0,0,1,0,0,0,1,0,0,0,1,0,0,0,0.0
2022-03-13,6,,0.0,1,1060.14,1325.86,1975.0,5.29,10.0,16.29,post-vax,post-covid,0,0,0,1,0,0,0,1,0,0,0,1,0,0,0,0.0
2022-03-14,0,0.0,0.0,0,959.14,1176.71,1617.0,3.8,6.14,13.71,post-vax,post-covid,0,0,0,1,0,0,0,0,0,0,0,1,0,0,0,0.0
2022-03-15,1,0.0,0.0,0,988.71,1118.29,1520.29,4.86,6.29,13.29,post-vax,post-covid,0,0,0,1,0,0,0,0,0,0,0,1,0,0,0,0.0
2022-03-16,2,0.0,0.0,0,1010.71,1040.57,1430.71,4.86,5.86,12.57,post-vax,post-covid,0,0,0,1,0,0,0,0,0,0,0,1,0,0,0,0.0
2022-03-17,3,0.0,0.0,0,946.86,1035.14,1406.14,4.86,5.29,10.0,post-vax,post-covid,0,0,0,1,0,0,0,0,0,0,0,1,0,0,0,0.0
2022-03-18,4,0.0,0.0,0,928.29,1060.14,1325.86,2.29,5.29,10.0,post-vax,post-covid,0,0,0,1,0,0,0,0,0,0,0,1,0,0,0,0.0
2022-03-19,5,0.0,0.0,0,928.29,1060.14,1325.86,2.29,5.29,10.0,post-vax,post-covid,0,0,0,1,0,0,0,1,0,0,0,1,0,0,0,0.0
2022-03-20,6,0.0,0.0,0,928.29,1060.14,1325.86,2.29,5.29,10.0,post-vax,post-covid,0,0,0,1,0,0,0,1,0,0,0,1,0,0,0,0.0
2022-03-21,0,0.0,0.0,0,941.57,959.14,1176.71,4.29,3.8,6.14,post-vax,post-covid,0,0,0,1,0,0,0,0,0,0,0,1,0,0,0,0.0
2022-03-22,1,0.0,0.0,0,850.43,988.71,1118.29,4.29,4.86,6.29,post-vax,post-covid,0,0,0,1,0,0,0,0,0,0,0,1,0,0,0,0.0
2022-03-23,2,0.0,0.0,0,817.57,1010.71,1040.57,5.38,4.86,5.86,post-vax,post-covid,0,0,0,1,0,0,0,0,0,0,0,1,0,0,0,0.0
2022-03-24,3,0.0,0.0,0,787.43,946.86,1035.14,5.38,4.86,5.29,post-vax,post-covid,0,0,0,1,0,0,0,0,0,0,0,1,0,0,0,0.0
2022-03-25,4,1.0,1.0,0,767.43,928.29,1060.14,6.29,2.29,5.29,post-vax,post-covid,0,0,0,1,0,0,0,0,0,0,0,1,0,0,0,1.0
2022-03-26,5,0.0,0.0,0,767.43,928.29,1060.14,6.29,2.29,5.29,post-vax,post-covid,0,0,0,1,0,0,0,1,0,0,0,1,0,0,0,0.0
2022-03-27,6,0.0,0.0,0,767.43,928.29,1060.14,6.29,2.29,5.29,post-vax,post-covid,0,0,0,1,0,0,0,1,0,0,0,1,0,0,0,0.0
2022-03-28,0,0.0,0.0,0,705.43,941.57,959.14,5.0,4.29,3.8,post-vax,post-covid,0,0,0,1,0,0,0,0,0,0,0,1,0,0,0,0.0
2022-03-29,1,0.0,0.0,0,735.57,850.43,988.71,5.0,4.29,4.86,post-vax,post-covid,0,0,0,1,0,0,0,0,0,0,0,1,0,0,0,0.0
2022-03-30,2,0.0,0.0,0,707.86,817.57,1010.71,2.71,5.38,4.86,post-vax,post-covid,0,0,0,1,0,0,0,0,0,0,0,1,0,0,0,0.0
2022-03-31,3,0.0,0.0,0,687.29,787.43,946.86,2.88,5.38,4.86,post-vax,post-covid,0,0,0,1,0,0,0,0,0,0,0,1,0,0,0,0.0
2022-04-01,4,0.0,0.0,0,666.86,767.43,928.29,4.29,6.29,2.29,post-vax,post-covid,0,0,0,1,0,0,0,0,0,0,0,1,0,0,0,0.0
2022-04-02,5,0.0,0.0,0,666.86,767.43,928.29,4.29,6.29,2.29,post-vax,post-covid,0,0,0,1,0,0,0,1,0,0,0,1,0,0,0,0.0
2022-04-03,6,,0.0,1,666.86,767.43,928.29,4.29,6.29,2.29,post-vax,post-covid,0,0,0,1,0,0,0,1,0,0,0,1,0,0,0,0.0
2022-04-04,0,0.0,0.0,0,714.43,705.43,941.57,7.43,5.0,4.29,post-vax,post-covid,0,0,0,1,0,0,0,0,0,0,0,1,0,0,0,0.0
2022-04-05,1,0.0,0.0,0,737.29,735.57,850.43,8.71,5.0,4.29,post-vax,post-covid,0,0,0,1,0,0,0,0,0,0,0,1,0,0,0,0.0
2022-04-06,2,0.0,0.0,0,756.43,707.86,817.57,11.86,2.71,5.38,post-vax,post-covid,0,0,0,1,0,0,0,0,0,0,0,1,0,0,0,0.0
2022-04-07,3,0.0,0.0,0,809.86,687.29,787.43,14.14,2.88,5.38,post-vax,post-covid,0,0,0,1,0,0,0,0,0,0,0,1,0,0,0,0.0
2022-04-08,4,0.0,0.0,0,870.71,666.86,767.43,14.43,4.29,6.29,post-vax,post-covid,0,0,0,1,0,0,0,0,0,0,0,1,0,0,0,0.0
2022-04-09,5,0.0,0.0,0,870.71,666.86,767.43,14.43,4.29,6.29,post-vax,post-covid,0,0,0,1,0,0,0,1,0,0,0,1,0,0,0,0.0
2022-04-10,6,0.0,0.0,0,870.71,666.86,767.43,14.43,4.29,6.29,post-vax,post-covid,0,0,0,1,0,0,0,1,0,0,0,1,0,0,0,0.0
2022-04-11,0,0.0,0.0,0,970.29,714.43,705.43,12.29,7.43,5.0,post-vax,post-covid,0,0,0,1,0,0,0,0,0,0,0,1,0,0,0,0.0
2022-04-12,1,0.0,0.0,0,995.43,737.29,735.57,10.57,8.71,5.0,post-vax,post-covid,0,0,0,1,0,0,0,0,0,0,0,1,0,0,0,0.0
2022-04-13,2,0.0,0.0,0,1021.57,756.43,707.86,7.14,11.86,2.71,post-vax,post-covid,0,0,0,1,0,0,0,0,0,0,0,1,0,0,0,0.0
2022-04-14,3,0.0,0.0,0,1024.14,809.86,687.29,6.29,14.14,2.88,post-vax,post-covid,0,0,0,1,0,0,0,0,0,0,0,1,0,0,0,0.0
2022-04-15,4,0.0,0.0,0,1060.29,870.71,666.86,7.71,14.43,4.29,post-vax,post-covid,0,0,0,1,0,0,0,0,0,0,0,1,0,0,0,0.0
2022-04-16,5,,0.0,1,1060.29,870.71,666.86,7.71,14.43,4.29,post-vax,post-covid,0,0,0,1,0,0,0,1,0,0,0,1,0,0,0,0.0
2022-04-17,6,,0.0,1,1060.29,870.71,666.86,7.71,14.43,4.29,post-vax,post-covid,0,0,0,1,0,0,0,1,0,0,0,1,0,0,0,0.0
2022-04-18,0,0.0,0.0,0,1096.0,970.29,714.43,8.43,12.29,7.43,post-vax,post-covid,0,0,0,1,0,0,0,0,0,0,0,1,0,0,0,0.0
2022-04-19,1,0.0,0.0,0,1063.29,995.43,737.29,8.43,10.57,8.71,post-vax,post-covid,0,0,0,1,0,0,0,0,0,0,0,1,0,0,0,0.0
2022-04-20,2,0.0,0.0,0,1076.43,1021.57,756.43,9.29,7.14,11.86,post-vax,post-covid,0,0,0,1,0,0,0,0,0,0,0,1,0,0,0,0.0
2022-04-21,3,1.0,1.0,0,1119.14,1024.14,809.86,9.57,6.29,14.14,post-vax,post-covid,0,0,0,1,0,0,0,0,0,0,0,1,0,0,0,1.0
2022-04-22,4,1.0,1.0,0,1143.0,1060.29,870.71,7.71,7.71,14.43,post-vax,post-covid,0,0,0,1,0,0,0,0,0,0,0,1,0,0,0,1.0
2022-04-23,5,1.0,1.0,0,1143.0,1060.29,870.71,7.71,7.71,14.43,post-vax,post-covid,0,0,0,1,0,0,0,1,0,0,0,1,0,0,0,1.0
2022-04-24,6,0.0,0.0,0,1143.0,1060.29,870.71,7.71,7.71,14.43,post-vax,post-covid,0,0,0,1,0,0,0,1,0,0,0,1,0,0,0,0.0
2022-04-25,0,0.0,0.0,0,1240.43,1096.0,970.29,3.67,8.43,12.29,post-vax,post-covid,0,0,0,1,0,0,0,0,0,0,0,1,0,0,0,0.0
2022-04-26,1,1.0,1.0,0,1312.43,1063.29,995.43,3.67,8.43,10.57,post-vax,post-covid,0,0,0,1,0,0,0,0,0,0,0,1,0,0,0,1.0
2022-04-27,2,0.0,0.0,0,1358.43,1076.43,1021.57,2.43,9.29,7.14,post-vax,post-covid,0,0,0,1,0,0,0,0,0,0,0,1,0,0,0,0.0
2022-04-28,3,0.0,0.0,0,1433.29,1119.14,1024.14,2.71,9.57,6.29,post-vax,post-covid,0,0,0,1,0,0,0,0,0,0,0,1,0,0,0,0.0
2022-04-29,4,0.0,0.0,0,1455.71,1143.0,1060.29,7.0,7.71,7.71,post-vax,post-covid,0,0,0,1,0,0,0,0,0,0,0,1,0,0,0,0.0
2022-04-30,5,0.0,0.0,0,1455.71,1143.0,1060.29,7.0,7.71,7.71,post-vax,post-covid,0,0,0,1,0,0,0,1,0,0,0,1,0,0,0,0.0
2022-05-01,6,0.0,0.0,0,1455.71,1143.0,1060.29,7.0,7.71,7.71,post-vax,post-covid,0,0,0,1,0,0,0,1,0,0,0,1,0,0,0,0.0
2022-05-02,0,0.0,0.0,0,1582.86,1240.43,1096.0,12.43,3.67,8.43,post-vax,post-covid,0,0,0,1,0,0,0,0,0,0,0,1,0,0,0,0.0
2022-05-03,1,0.0,0.0,0,1576.71,1312.43,1063.29,12.25,3.67,8.43,post-vax,post-covid,0,0,0,1,0,0,0,0,0,0,0,1,0,0,0,0.0
2022-05-04,2,0.0,0.0,0,1813.57,1358.43,1076.43,16.0,2.43,9.29,post-vax,post-covid,0,0,0,1,0,0,0,0,0,0,0,1,0,0,0,0.0
2022-05-05,3,1.0,1.0,0,1886.43,1433.29,1119.14,16.29,2.71,9.57,post-vax,post-covid,0,0,0,1,0,0,0,0,0,0,0,1,0,0,0,1.0
2022-05-06,4,0.0,0.0,0,2002.86,1455.71,1143.0,14.0,7.0,7.71,post-vax,post-covid,0,0,0,1,0,0,0,0,0,0,0,1,0,0,0,0.0
2022-05-07,5,0.0,0.0,0,2002.86,1455.71,1143.0,14.0,7.0,7.71,post-vax,post-covid,0,0,0,1,0,0,0,1,0,0,0,1,0,0,0,0.0
2022-05-08,6,,0.0,1,2002.86,1455.71,1143.0,14.0,7.0,7.71,post-vax,post-covid,0,0,0,1,0,0,0,1,0,0,0,1,0,0,0,0.0
2022-05-09,0,0.0,0.0,0,2264.43,1582.86,1240.43,11.29,12.43,3.67,post-vax,post-covid,0,0,0,1,0,0,0,0,0,0,0,1,0,0,0,0.0
2022-05-10,1,0.0,0.0,0,2414.29,1576.71,1312.43,12.29,12.25,3.67,post-vax,post-covid,0,0,0,1,0,0,0,0,0,0,0,1,0,0,0,0.0
2022-05-11,2,0.0,0.0,0,2353.86,1813.57,1358.43,10.29,16.0,2.43,post-vax,post-covid,0,0,0,1,0,0,0,0,0,0,0,1,0,0,0,0.0
2022-05-12,3,0.0,0.0,0,2441.71,1886.43,1433.29,11.29,16.29,2.71,post-vax,post-covid,0,0,0,1,0,0,0,0,0,0,0,1,0,0,0,0.0
2022-05-13,4,0.0,0.0,0,2530.0,2002.86,1455.71,11.0,14.0,7.0,post-vax,post-covid,0,0,0,1,0,0,0,0,0,0,0,1,0,0,0,0.0
2022-05-14,5,0.0,0.0,0,2530.0,2002.86,1455.71,11.0,14.0,7.0,post-vax,post-covid,0,0,0,1,0,0,0,1,0,0,0,1,0,0,0,0.0
2022-05-15,6,0.0,0.0,0,2530.0,2002.86,1455.71,11.0,14.0,7.0,post-vax,post-covid,0,0,0,1,0,0,0,1,0,0,0,1,0,0,0,0.0
2022-05-16,0,0.0,0.0,0,2750.29,2264.43,1582.86,15.0,11.29,12.43,post-vax,post-covid,0,0,0,1,0,0,0,0,0,0,0,1,0,0,0,0.0
2022-05-17,1,0.0,0.0,0,2903.0,2414.29,1576.71,15.86,12.29,12.25,post-vax,post-covid,0,0,0,1,0,0,0,0,0,0,0,1,0,0,0,0.0
2022-05-18,2,0.0,0.0,0,2979.71,2353.86,1813.57,18.43,10.29,16.0,post-vax,post-covid,0,0,0,1,0,0,0,0,0,0,0,1,0,0,0,0.0
2022-05-19,3,0.0,0.0,0,3078.57,2441.71,1886.43,20.0,11.29,16.29,post-vax,post-covid,0,0,0,1,0,0,0,0,0,0,0,1,0,0,0,0.0
2022-05-20,4,0.0,0.0,0,3157.43,2530.0,2002.86,21.71,11.0,14.0,post-vax,post-covid,0,0,0,1,0,0,0,0,0,0,0,1,0,0,0,0.0
2022-05-21,5,1.0,1.0,0,3157.43,2530.0,2002.86,21.71,11.0,14.0,post-vax,post-covid,0,0,0,1,0,0,0,1,0,0,0,1,0,0,0,1.0
2022-05-22,6,0.0,0.0,0,3157.43,2530.0,2002.86,21.71,11.0,14.0,post-vax,post-covid,0,0,0,1,0,0,0,1,0,0,0,1,0,0,0,0.0
2022-05-23,0,0.0,0.0,0,3307.86,2750.29,2264.43,22.29,15.0,11.29,post-vax,post-covid,0,0,0,1,0,0,0,0,0,0,0,1,0,0,0,0.0
2022-05-24,1,0.0,0.0,0,3260.86,2903.0,2414.29,22.71,15.86,12.29,post-vax,post-covid,0,0,0,1,0,0,0,0,0,0,0,1,0,0,0,0.0
2022-05-25,2,0.0,0.0,0,3287.57,2979.71,2353.86,23.71,18.43,10.29,post-vax,post-covid,0,0,0,1,0,0,0,0,0,0,0,1,0,0,0,0.0
2022-05-26,3,0.0,0.0,0,3248.86,3078.57,2441.71,24.29,20.0,11.29,post-vax,post-covid,0,0,0,1,0,0,0,0,0,0,0,1,0,0,0,0.0
2022-05-27,4,0.0,0.0,0,3217.57,3157.43,2530.0,25.43,21.71,11.0,post-vax,post-covid,0,0,0,1,0,0,0,0,0,0,0,1,0,0,0,0.0
2022-05-28,5,0.0,0.0,0,3217.57,3157.43,2530.0,25.43,21.71,11.0,post-vax,post-covid,0,0,0,1,0,0,0,1,0,0,0,1,0,0,0,0.0
2022-05-29,6,0.0,0.0,0,3217.57,3157.43,2530.0,25.43,21.71,11.0,post-vax,post-covid,0,0,0,1,0,0,0,1,0,0,0,1,0,0,0,0.0
2022-05-30,0,0.0,0.0,0,3122.86,3307.86,2750.29,25.43,22.29,15.0,post-vax,post-covid,0,0,0,1,0,0,0,0,1,1,0,1,0,0,0,0.0
2022-05-31,1,1.0,1.0,0,2946.29,3260.86,2903.0,28.43,22.71,15.86,post-vax,post-covid,0,0,0,1,0,0,0,0,0,0,0,1,0,0,0,1.0
2022-06-01,2,0.0,0.0,0,2872.29,3287.57,2979.71,30.0,23.71,18.43,post-vax,post-covid,0,0,0,1,0,0,0,0,0,0,0,1,0,0,0,0.0
2022-06-02,3,0.0,0.0,0,2779.86,3248.86,3078.57,30.29,24.29,20.0,post-vax,post-covid,0,0,0,1,0,0,0,0,0,0,0,1,0,0,0,0.0
2022-06-03,4,0.0,0.0,0,2841.0,3217.57,3157.43,31.14,25.43,21.71,post-vax,post-covid,0,0,0,1,0,0,0,0,0,0,0,1,0,0,0,0.0
2022-06-04,5,0.0,0.0,0,2841.0,3217.57,3157.43,31.14,25.43,21.71,post-vax,post-covid,0,0,0,1,0,0,0,1,0,0,0,1,0,0,0,0.0
2022-06-05,6,0.0,0.0,0,2841.0,3217.57,3157.43,31.14,25.43,21.71,post-vax,post-covid,0,0,0,1,0,0,0,1,0,0,0,1,0,0,0,0.0
2022-06-06,0,0.0,0.0,0,2859.0,3122.86,3307.86,30.9,25.43,22.29,post-vax,post-covid,0,0,0,1,0,0,0,0,0,0,0,1,0,0,0,0.0
2022-06-07,1,0.0,0.0,0,2950.29,2946.29,3260.86,34.86,28.43,22.71,post-vax,post-covid,0,0,0,1,0,0,0,0,0,0,0,1,0,0,0,0.0
2022-06-08,2,0.0,0.0,0,2948.57,2872.29,3287.57,34.14,30.0,23.71,post-vax,post-covid,0,0,0,1,0,0,0,0,0,0,0,1,0,0,0,0.0
2022-06-09,3,0.0,0.0,0,3003.14,2779.86,3248.86,32.86,30.29,24.29,post-vax,post-covid,0,0,0,1,0,0,0,0,0,0,0,1,0,0,0,0.0
2022-06-10,4,0.0,0.0,0,2873.43,2841.0,3217.57,33.43,31.14,25.43,post-vax,post-covid,0,0,0,1,0,0,0,0,0,0,0,1,0,0,0,0.0
2022-06-11,5,0.0,0.0,0,2873.43,2841.0,3217.57,33.43,31.14,25.43,post-vax,post-covid,0,0,0,1,0,0,0,1,0,0,0,1,0,0,0,0.0
2022-06-12,6,0.0,0.0,0,2873.43,2841.0,3217.57,33.43,31.14,25.43,post-vax,post-covid,0,0,0,1,0,0,0,1,0,0,0,1,0,0,0,0.0
2022-06-13,0,0.0,0.0,0,2697.0,2859.0,3122.86,30.71,30.9,25.43,post-vax,post-covid,0,0,0,1,0,0,0,0,0,0,0,1,0,0,0,0.0
2022-06-14,1,0.0,0.0,0,2715.71,2950.29,2946.29,30.0,34.86,28.43,post-vax,post-covid,0,0,0,1,0,0,0,0,0,0,0,1,0,0,0,0.0
2022-06-15,2,0.0,0.0,0,2679.43,2948.57,2872.29,27.43,34.14,30.0,post-vax,post-covid,0,0,0,1,0,0,0,0,0,0,0,1,0,0,0,0.0
2022-06-16,3,0.0,0.0,0,2568.86,3003.14,2779.86,27.14,32.86,30.29,post-vax,post-covid,0,0,0,1,0,0,0,0,0,0,0,1,0,0,0,0.0
2022-06-17,4,0.0,0.0,0,2539.57,2873.43,2841.0,25.29,33.43,31.14,post-vax,post-covid,0,0,0,1,0,0,0,0,0,0,0,1,0,0,0,0.0
2022-06-18,5,0.0,0.0,0,2539.57,2873.43,2841.0,25.29,33.43,31.14,post-vax,post-covid,0,0,0,1,0,0,0,1,0,0,0,1,0,0,0,0.0
2022-06-19,6,0.0,0.0,0,2539.57,2873.43,2841.0,25.29,33.43,31.14,post-vax,post-covid,0,0,0,1,0,0,0,1,0,0,0,1,0,0,0,0.0
2022-06-20,0,0.0,0.0,0,2446.57,2697.0,2859.0,25.29,30.71,30.9,post-vax,post-covid,0,0,0,1,0,0,0,0,1,1,0,1,0,0,0,0.0
2022-06-21,1,0.0,0.0,0,2413.57,2715.71,2950.29,23.14,30.0,34.86,post-vax,post-covid,0,0,0,1,0,0,0,0,0,0,0,1,0,0,0,0.0
2022-06-22,2,0.0,0.0,0,2397.57,2679.43,2948.57,22.86,27.43,34.14,post-vax,post-covid,0,0,0,1,0,0,0,0,0,0,0,1,0,0,0,0.0
2022-06-23,3,0.0,0.0,0,2477.43,2568.86,3003.14,23.71,27.14,32.86,post-vax,post-covid,0,0,0,1,0,0,0,0,0,0,0,1,0,0,0,0.0
2022-06-24,4,0.0,0.0,0,2482.71,2539.57,2873.43,22.86,25.29,33.43,post-vax,post-covid,0,0,0,1,0,0,0,0,0,0,0,1,0,0,0,0.0
2022-06-25,5,0.0,0.0,0,2482.71,2539.57,2873.43,22.86,25.29,33.43,post-vax,post-covid,0,0,0,1,0,0,0,1,0,0,0,1,0,0,0,0.0
2022-06-26,6,0.0,0.0,0,2482.71,2539.57,2873.43,22.86,25.29,33.43,post-vax,post-covid,0,0,0,1,0,0,0,1,0,0,0,1,0,0,0,0.0
2022-06-27,0,0.0,0.0,0,2543.29,2446.57,2697.0,23.57,25.29,30.71,post-vax,post-covid,0,0,0,1,0,0,0,0,0,0,0,1,0,0,0,0.0
2022-06-28,1,0.0,0.0,0,2620.86,2413.57,2715.71,27.71,23.14,30.0,post-vax,post-covid,0,0,0,1,0,0,0,0,0,0,0,1,0,0,0,0.0
2022-06-29,2,0.0,0.0,0,2716.0,2397.57,2679.43,31.57,22.86,27.43,post-vax,post-covid,0,0,0,1,0,0,0,0,0,0,0,1,0,0,0,0.0
2022-06-30,3,0.0,0.0,0,2748.71,2477.43,2568.86,33.0,23.71,27.14,post-vax,post-covid,0,0,0,1,0,0,0,0,0,0,0,1,0,0,0,0.0
2022-07-01,4,0.0,0.0,0,2807.71,2482.71,2539.57,34.86,22.86,25.29,post-vax,post-covid,0,0,0,1,0,0,0,0,0,0,0,1,0,0,0,0.0
2022-07-02,5,0.0,0.0,0,2807.71,2482.71,2539.57,34.86,22.86,25.29,post-vax,post-covid,0,0,0,1,0,0,0,1,0,0,0,1,0,0,0,0.0
2022-07-03,6,0.0,0.0,0,2807.71,2482.71,2539.57,34.86,22.86,25.29,post-vax,post-covid,0,0,0,1,0,0,0,1,0,0,0,1,0,0,0,0.0
2022-07-04,0,0.0,0.0,0,2816.71,2543.29,2446.57,30.29,23.57,25.29,post-vax,post-covid,0,0,0,1,0,0,0,0,1,1,0,1,0,0,0,0.0
2022-07-05,1,0.0,0.0,0,2695.14,2620.86,2413.57,26.86,27.71,23.14,post-vax,post-covid,0,0,0,1,0,0,0,0,0,1,0,1,0,0,0,0.0
2022-07-06,2,0.0,0.0,0,2618.43,2716.0,2397.57,23.86,31.57,22.86,post-vax,post-covid,0,0,0,1,0,0,0,0,0,0,0,1,0,0,0,0.0
2022-07-07,3,0.0,0.0,0,2600.0,2748.71,2477.43,21.43,33.0,23.71,post-vax,post-covid,0,0,0,1,0,0,0,0,0,0,0,1,0,0,0,0.0
2022-07-08,4,0.0,0.0,0,2621.29,2807.71,2482.71,20.71,34.86,22.86,post-vax,post-covid,0,0,0,1,0,0,0,0,0,0,0,1,0,0,0,0.0
2022-07-09,5,,0.0,1,2621.29,2807.71,2482.71,20.71,34.86,22.86,post-vax,post-covid,0,0,0,1,0,0,0,1,0,0,0,1,0,0,0,0.0
2022-07-10,6,,0.0,1,2621.29,2807.71,2482.71,20.71,34.86,22.86,post-vax,post-covid,0,0,0,1,0,0,0,1,0,0,0,1,0,0,0,0.0
2022-07-11,0,0.0,0.0,0,2791.86,2816.71,2543.29,23.57,30.29,23.57,post-vax,post-covid,0,0,0,1,0,0,0,0,0,0,0,1,0,0,0,0.0
2022-07-12,1,0.0,0.0,0,2944.0,2695.14,2620.86,24.14,26.86,27.71,post-vax,post-covid,0,0,0,1,0,0,0,0,0,0,0,1,0,0,0,0.0
2022-07-13,2,0.0,0.0,0,3032.57,2618.43,2716.0,23.57,23.86,31.57,post-vax,post-covid,0,0,0,1,0,0,0,0,0,0,0,1,0,0,0,0.0
2022-07-14,3,0.0,0.0,0,3044.43,2600.0,2748.71,25.43,21.43,33.0,post-vax,post-covid,0,0,0,1,0,0,0,0,0,0,0,1,0,0,0,0.0
2022-07-15,4,0.0,0.0,0,3034.86,2621.29,2807.71,26.43,20.71,34.86,post-vax,post-covid,0,0,0,1,0,0,0,0,0,0,0,1,0,0,0,0.0
2022-07-16,5,0.0,0.0,0,3034.86,2621.29,2807.71,26.43,20.71,34.86,post-vax,post-covid,0,0,0,1,0,0,0,1,0,0,0,1,0,0,0,0.0
2022-07-17,6,0.0,0.0,0,3034.86,2621.29,2807.71,26.43,20.71,34.86,post-vax,post-covid,0,0,0,1,0,0,0,1,0,0,0,1,0,0,0,0.0
2022-07-18,0,0.0,0.0,0,2963.0,2791.86,2816.71,30.29,23.57,30.29,post-vax,post-covid,0,0,0,1,0,0,0,0,0,0,0,1,0,0,0,0.0
2022-07-19,1,0.0,0.0,0,2953.71,2944.0,2695.14,31.86,24.14,26.86,post-vax,post-covid,0,0,0,1,0,0,0,0,0,0,0,1,0,0,0,0.0
2022-07-20,2,0.0,0.0,0,2920.14,3032.57,2618.43,32.0,23.57,23.86,post-vax,post-covid,0,0,0,1,0,0,0,0,0,0,0,1,0,0,0,0.0
2022-07-21,3,0.0,0.0,0,2996.57,3044.43,2600.0,34.86,25.43,21.43,post-vax,post-covid,0,0,0,1,0,0,0,0,0,0,0,1,0,0,0,0.0
2022-07-22,4,0.0,0.0,0,3021.29,3034.86,2621.29,37.14,26.43,20.71,post-vax,post-covid,0,0,0,1,0,0,0,0,0,0,0,1,0,0,0,0.0
2022-07-23,5,0.0,0.0,0,3021.29,3034.86,2621.29,37.14,26.43,20.71,post-vax,post-covid,0,0,0,1,0,0,0,1,0,0,0,1,0,0,0,0.0
2022-07-24,6,0.0,0.0,0,3021.29,3034.86,2621.29,37.14,26.43,20.71,post-vax,post-covid,0,0,0,1,0,0,0,1,0,0,0,1,0,0,0,0.0
2022-07-25,0,0.0,0.0,0,3109.71,2963.0,2791.86,38.14,30.29,23.57,post-vax,post-covid,0,0,0,1,0,0,0,0,0,0,0,1,0,0,0,0.0
2022-07-26,1,0.0,0.0,0,3045.14,2953.71,2944.0,36.43,31.86,24.14,post-vax,post-covid,0,0,0,1,0,0,0,0,0,0,0,1,0,0,0,0.0
2022-07-27,2,0.0,0.0,0,3110.14,2920.14,3032.57,37.86,32.0,23.57,post-vax,post-covid,0,0,0,1,0,0,0,0,0,0,0,1,0,0,0,0.0
2022-07-28,3,0.0,0.0,0,3014.29,2996.57,3044.43,33.71,34.86,25.43,post-vax,post-covid,0,0,0,1,0,0,0,0,0,0,0,1,0,0,0,0.0
2022-07-29,4,0.0,0.0,0,3050.0,3021.29,3034.86,30.71,37.14,26.43,post-vax,post-covid,0,0,0,1,0,0,0,0,0,0,0,1,0,0,0,0.0
2022-07-30,5,0.0,0.0,0,3050.0,3021.29,3034.86,30.71,37.14,26.43,post-vax,post-covid,0,0,0,1,0,0,0,1,0,0,0,1,0,0,0,0.0
2022-07-31,6,0.0,0.0,0,3050.0,3021.29,3034.86,30.71,37.14,26.43,post-vax,post-covid,0,0,0,1,0,0,0,1,0,0,0,1,0,0,0,0.0
2022-08-01,0,0.0,0.0,0,2968.86,3109.71,2963.0,24.86,38.14,30.29,post-vax,post-covid,0,0,0,1,0,0,0,0,0,0,0,1,0,0,0,0.0
2022-08-02,1,0.0,0.0,0,2995.0,3045.14,2953.71,24.14,36.43,31.86,post-vax,post-covid,0,0,0,1,0,0,0,0,0,0,0,1,0,0,0,0.0
2022-08-03,2,0.0,0.0,0,2949.0,3110.14,2920.14,23.0,37.86,32.0,post-vax,post-covid,0,0,0,1,0,0,0,0,0,0,0,1,0,0,0,0.0
2022-08-04,3,0.0,0.0,0,2934.29,3014.29,2996.57,22.71,33.71,34.86,post-vax,post-covid,0,0,0,1,0,0,0,0,0,0,0,1,0,0,0,0.0
2022-08-05,4,1.0,1.0,0,2898.71,3050.0,3021.29,22.14,30.71,37.14,post-vax,post-covid,0,0,0,1,0,0,0,0,0,0,0,1,0,0,0,1.0
2022-08-06,5,0.0,0.0,0,2898.71,3050.0,3021.29,22.14,30.71,37.14,post-vax,post-covid,0,0,0,1,0,0,0,1,0,0,0,1,0,0,0,0.0
2022-08-07,6,0.0,0.0,0,2898.71,3050.0,3021.29,22.14,30.71,37.14,post-vax,post-covid,0,0,0,1,0,0,0,1,0,0,0,1,0,0,0,0.0
2022-08-08,0,0.0,0.0,0,2802.57,2968.86,3109.71,24.57,24.86,38.14,post-vax,post-covid,0,0,0,1,0,0,0,0,0,0,0,1,0,0,0,0.0
2022-08-09,1,0.0,0.0,0,2776.86,2995.0,3045.14,27.0,24.14,36.43,post-vax,post-covid,0,0,0,1,0,0,0,0,0,0,0,1,0,0,0,0.0
2022-08-10,2,1.0,1.0,0,2772.71,2949.0,3110.14,27.71,23.0,37.86,post-vax,post-covid,0,0,0,1,0,0,0,0,0,0,0,1,0,0,0,1.0
2022-08-11,3,1.0,1.0,0,2783.29,2934.29,3014.29,28.43,22.71,33.71,post-vax,post-covid,0,0,0,1,0,0,0,0,0,0,0,1,0,0,0,1.0
2022-08-12,4,0.0,0.0,0,2695.29,2898.71,3050.0,28.0,22.14,30.71,post-vax,post-covid,0,0,0,1,0,0,0,0,0,0,0,1,0,0,0,0.0
2022-08-13,5,1.0,1.0,0,2695.29,2898.71,3050.0,28.0,22.14,30.71,post-vax,post-covid,0,0,0,1,0,0,0,1,0,0,0,1,0,0,0,1.0
2022-08-14,6,0.0,0.0,0,2695.29,2898.71,3050.0,28.0,22.14,30.71,post-vax,post-covid,0,0,0,1,0,0,0,1,0,0,0,1,0,0,0,0.0
2022-08-15,0,0.0,0.0,0,2589.0,2802.57,2968.86,25.57,24.57,24.86,post-vax,post-covid,0,0,0,1,0,0,0,0,0,0,0,1,0,0,0,0.0
2022-08-16,1,0.0,0.0,0,2575.0,2776.86,2995.0,24.0,27.0,24.14,post-vax,post-covid,0,0,0,1,0,0,0,0,0,0,0,1,0,0,0,0.0
2022-08-17,2,0.0,0.0,0,2514.0,2772.71,2949.0,22.71,27.71,23.0,post-vax,post-covid,0,0,0,1,0,0,0,0,0,0,0,1,0,0,0,0.0
2022-08-18,3,0.0,0.0,0,2499.29,2783.29,2934.29,22.14,28.43,22.71,post-vax,post-covid,0,0,0,1,0,0,0,0,0,0,0,1,0,0,0,0.0
2022-08-19,4,0.0,0.0,0,2454.71,2695.29,2898.71,22.43,28.0,22.14,post-vax,post-covid,0,0,0,1,0,0,0,0,0,0,0,1,0,0,0,0.0
2022-08-20,5,0.0,0.0,0,2454.71,2695.29,2898.71,22.43,28.0,22.14,post-vax,post-covid,0,0,0,1,0,0,0,1,0,0,0,1,0,0,0,0.0
2022-08-21,6,0.0,0.0,0,2454.71,2695.29,2898.71,22.43,28.0,22.14,post-vax,post-covid,0,0,0,1,0,0,0,1,0,0,0,1,0,0,0,0.0
2022-08-22,0,0.0,0.0,0,2464.29,2589.0,2802.57,22.43,25.57,24.57,post-vax,post-covid,0,0,0,1,0,0,0,0,0,0,0,1,0,0,0,0.0
2022-08-23,1,0.0,0.0,0,2472.86,2575.0,2776.86,22.86,24.0,27.0,post-vax,post-covid,0,0,0,1,0,0,0,0,0,0,0,1,0,0,0,0.0
2022-08-24,2,0.0,0.0,0,2491.71,2514.0,2772.71,21.71,22.71,27.71,post-vax,post-covid,0,0,0,1,0,0,0,0,0,0,0,1,0,0,0,0.0
2022-08-25,3,0.0,0.0,0,2478.43,2499.29,2783.29,22.43,22.14,28.43,post-vax,post-covid,0,0,0,1,0,0,0,0,0,0,0,1,0,0,0,0.0
2022-08-26,4,0.0,0.0,0,2488.86,2454.71,2695.29,19.71,22.43,28.0,post-vax,post-covid,0,0,0,1,0,0,0,0,0,0,0,1,0,0,0,0.0
2022-08-27,5,0.0,0.0,0,2488.86,2454.71,2695.29,19.71,22.43,28.0,post-vax,post-covid,0,0,0,1,0,0,0,1,0,0,0,1,0,0,0,0.0
2022-08-28,6,0.0,0.0,0,2488.86,2454.71,2695.29,19.71,22.43,28.0,post-vax,post-covid,0,0,0,1,0,0,0,1,0,0,0,1,0,0,0,0.0
2022-08-29,0,0.0,0.0,0,2502.29,2464.29,2589.0,17.86,22.43,25.57,post-vax,post-covid,0,0,0,1,0,0,0,0,0,0,0,1,0,0,0,0.0
2022-08-30,1,0.0,0.0,0,2506.14,2472.86,2575.0,15.71,22.86,24.0,post-vax,post-covid,0,0,0,1,0,0,0,0,0,0,0,1,0,0,0,0.0
2022-08-31,2,0.0,0.0,0,2475.43,2491.71,2514.0,14.57,21.71,22.71,post-vax,post-covid,0,0,0,1,0,0,0,0,0,0,0,1,0,0,0,0.0
2022-09-01,3,0.0,0.0,0,2457.86,2478.43,2499.29,13.29,22.43,22.14,post-vax,post-covid,0,0,0,1,0,0,0,0,0,0,0,1,0,0,0,0.0
2022-09-02,4,0.0,0.0,0,2415.43,2488.86,2454.71,12.71,19.71,22.43,post-vax,post-covid,0,0,0,1,0,0,0,0,0,0,0,1,0,0,0,0.0
2022-09-03,5,0.0,0.0,0,2415.43,2488.86,2454.71,12.71,19.71,22.43,post-vax,post-covid,0,0,0,1,0,0,0,1,0,0,0,1,0,0,0,0.0
2022-09-04,6,0.0,0.0,0,2415.43,2488.86,2454.71,12.71,19.71,22.43,post-vax,post-covid,0,0,0,1,0,0,0,1,0,0,0,1,0,0,0,0.0
2022-09-05,0,0.0,0.0,0,2309.57,2502.29,2464.29,12.86,17.86,22.43,post-vax,post-covid,0,0,0,1,0,0,0,0,1,1,0,1,0,0,0,0.0
2022-09-06,1,0.0,0.0,0,2142.57,2506.14,2472.86,12.57,15.71,22.86,post-vax,post-covid,0,0,0,1,0,0,0,0,0,0,0,1,0,0,0,0.0
2022-09-07,2,0.0,0.0,0,2017.71,2475.43,2491.71,12.86,14.57,21.71,post-vax,post-covid,0,0,0,1,0,0,0,0,0,0,0,1,0,0,0,0.0
2022-09-08,3,0.0,0.0,0,1708.29,2457.86,2478.43,10.29,13.29,22.43,post-vax,post-covid,0,0,0,1,0,0,0,0,0,0,0,1,0,0,0,0.0
2022-09-09,4,0.0,0.0,0,1885.0,2415.43,2488.86,13.14,12.71,19.71,post-vax,post-covid,0,0,0,1,0,0,0,0,0,0,0,1,0,0,0,0.0
2022-09-10,5,0.0,0.0,0,1885.0,2415.43,2488.86,13.14,12.71,19.71,post-vax,post-covid,0,0,0,1,0,0,0,1,0,0,0,1,0,0,0,0.0
2022-09-11,6,0.0,0.0,0,1885.0,2415.43,2488.86,13.14,12.71,19.71,post-vax,post-covid,0,0,0,1,0,0,0,1,0,0,0,1,0,0,0,0.0
2022-09-12,0,0.0,0.0,0,1738.57,2309.57,2502.29,11.14,12.86,17.86,post-vax,post-covid,0,0,0,1,0,0,0,0,0,0,0,1,0,0,0,0.0
2022-09-13,1,0.0,0.0,0,1798.29,2142.57,2506.14,11.71,12.57,15.71,post-vax,post-covid,0,0,0,1,0,0,0,0,0,0,0,1,0,0,0,0.0
2022-09-14,2,0.0,0.0,0,1777.86,2017.71,2475.43,13.0,12.86,14.57,post-vax,post-covid,0,0,0,1,0,0,0,0,0,0,0,1,0,0,0,0.0
2022-09-15,3,0.0,0.0,0,1928.86,1708.29,2457.86,15.14,10.29,13.29,post-vax,post-covid,0,0,0,1,0,0,0,0,0,0,0,1,0,0,0,0.0
2022-09-16,4,0.0,0.0,0,1657.14,1885.0,2415.43,15.0,13.14,12.71,post-vax,post-covid,0,0,0,1,0,0,0,0,0,0,0,1,0,0,0,0.0
2022-09-17,5,0.0,0.0,0,1657.14,1885.0,2415.43,15.0,13.14,12.71,post-vax,post-covid,0,0,0,1,0,0,0,1,0,0,0,1,0,0,0,0.0
2022-09-18,6,0.0,0.0,0,1657.14,1885.0,2415.43,15.0,13.14,12.71,post-vax,post-covid,0,0,0,1,0,0,0,1,0,0,0,1,0,0,0,0.0
2022-09-19,0,0.0,0.0,0,1574.14,1738.57,2309.57,15.0,11.14,12.86,post-vax,post-covid,0,0,0,1,0,0,0,0,0,0,0,1,0,0,0,0.0
2022-09-20,1,0.0,0.0,0,1470.14,1798.29,2142.57,15.0,11.71,12.57,post-vax,post-covid,0,0,0,1,0,0,0,0,0,0,0,1,0,0,0,0.0
2022-09-21,2,1.0,1.0,0,1462.71,1777.86,2017.71,14.57,13.0,12.86,post-vax,post-covid,0,0,0,1,0,0,0,0,0,0,0,1,0,0,0,1.0
2022-09-22,3,0.0,0.0,0,1457.86,1928.86,1708.29,14.86,15.14,10.29,post-vax,post-covid,0,0,0,1,0,0,0,0,0,0,0,1,0,0,0,0.0
2022-09-23,4,0.0,0.0,0,1440.0,1657.14,1885.0,13.71,15.0,13.14,post-vax,post-covid,0,0,0,1,0,0,0,0,0,0,0,1,0,0,0,0.0
2022-09-24,5,0.0,0.0,0,1440.0,1657.14,1885.0,13.71,15.0,13.14,post-vax,post-covid,0,0,0,1,0,0,0,1,0,0,0,1,0,0,0,0.0
2022-09-25,6,0.0,0.0,0,1440.0,1657.14,1885.0,13.71,15.0,13.14,post-vax,post-covid,0,0,0,1,0,0,0,1,0,0,0,1,0,0,0,0.0
2022-09-26,0,0.0,0.0,0,1326.0,1574.14,1738.57,13.57,15.0,11.14,post-vax,post-covid,0,0,0,1,0,0,0,0,0,0,0,1,0,0,0,0.0
2022-09-27,1,0.0,0.0,0,1326.57,1470.14,1798.29,12.86,15.0,11.71,post-vax,post-covid,0,0,0,1,0,0,0,0,0,0,0,1,0,0,0,0.0
2022-09-28,2,0.0,0.0,0,1301.0,1462.71,1777.86,13.57,14.57,13.0,post-vax,post-covid,0,0,0,1,0,0,0,0,0,0,0,1,0,0,0,0.0
2022-09-29,3,0.0,0.0,0,1257.86,1457.86,1928.86,13.71,14.86,15.14,post-vax,post-covid,0,0,0,1,0,0,0,0,0,0,0,1,0,0,0,0.0
